1	345 454 649 671 716 
345	1 383 429 454 649 671 716 
454	1 345 383 429 649 671 716 
623	216 455 497 612 745 779 786 793 906 
649	1 345 383 429 454 671 716 
671	1 345 383 429 454 649 716 
716	1 345 383 429 454 649 671 
973	51 55 92 317 435 437 444 480 502 553 590 603 628 647 663 677 728 766 797 819 859 874 934 952 984 988 
2	857 888 898 899 916 
457	82 200 371 463 619 657 
857	2 29 143 281 399 601 618 757 771 817 836 888 898 899 916 
888	2 29 143 281 399 601 618 757 771 817 836 857 898 899 916 
898	2 29 143 281 399 601 618 757 771 817 836 857 888 899 916 
899	2 29 143 281 399 601 618 757 771 817 836 857 888 898 916 
916	2 29 143 281 399 601 618 757 771 817 836 857 888 898 899 
979	13 36 139 269 286 339 518 528 617 639 662 674 683 809 852 875 909 946 956 962 963 971 
3	775 832 841 850 
613	54 302 678 789 865 872 904 910 991 
685	844 892 918 
775	3 81 120 194 219 545 614 632 651 813 832 841 850 
832	3 81 87 120 194 527 545 614 632 651 767 775 813 841 850 
841	3 81 87 120 194 219 527 545 614 632 651 767 775 813 832 850 
850	3 81 87 194 219 527 545 614 632 651 767 775 813 832 841 
939	38 50 60 293 470 526 682 719 733 744 794 891 940 
4	692 880 911 936 
444	590 819 874 952 973 984 988 
590	444 628 647 728 819 934 973 984 988 
692	4 59 312 404 462 599 664 725 880 911 936 
880	4 59 89 91 149 214 312 332 404 462 477 599 664 692 725 911 936 
911	4 59 89 91 149 214 312 332 404 462 477 599 664 692 725 880 936 
936	4 59 89 91 149 214 312 332 404 462 477 599 664 692 725 880 911 
995	33 62 108 117 175 255 318 329 443 606 610 624 644 666 739 768 782 807 846 882 901 965 
5	166 381 390 442 
166	5 381 390 442 
381	5 100 166 390 442 
390	5 100 166 381 442 
442	5 100 166 381 390 889 
498	583 784 815 830 834 845 921 942 
663	553 628 647 766 797 859 934 952 973 984 988 
840	5 100 381 390 
6	95 397 531 641 
95	6 252 397 531 641 
397	6 58 95 153 252 531 641 
417	196 267 336 359 366 431 508 
531	6 58 95 153 252 397 641 
641	6 58 95 153 252 397 531 
816	256 333 369 407 592 689 776 928 930 981 989 993 
7	450 701 703 870 897 
102	864 871 878 893 924 
450	7 377 555 701 703 870 897 
701	7 40 144 377 450 555 703 774 870 897 
703	7 164 450 555 611 701 706 774 870 897 
870	7 40 144 164 377 450 486 555 611 701 703 706 774 897 
886	134 284 341 560 561 680 681 760 783 810 814 838 843 900 935 953 960 982 
897	7 40 144 164 282 377 450 486 555 611 701 703 706 774 870 
8	928 930 981 989 993 
634	15 25 27 260 277 432 468 493 582 588 
831	20 105 227 446 653 669 709 801 867 869 881 885 907 987 997 
928	8 22 107 148 197 256 258 259 333 369 407 592 689 776 816 930 981 989 993 
930	8 22 107 148 197 256 258 259 333 369 407 592 689 776 816 928 981 989 993 
981	8 22 107 148 197 256 258 259 333 369 407 592 689 776 816 928 930 989 993 
989	8 22 107 148 197 256 258 259 333 369 407 592 689 776 816 928 930 981 993 
993	8 22 107 148 197 256 258 259 333 369 407 592 689 776 816 928 930 981 989 
9	578 585 658 
364	
578	9 192 387 585 621 790 
585	9 370 387 578 621 658 790 
650	17 80 174 225 231 276 304 551 
658	9 370 585 593 607 790 
896	21 45 63 265 300 352 398 436 460 482 501 717 754 764 
957	698 729 758 833 890 894 
10	837 864 878 893 924 
240	424 464 543 548 570 
837	10 142 203 254 272 421 510 558 577 708 748 806 842 864 871 878 893 924 
864	10 102 142 203 254 272 421 510 558 577 708 748 806 837 842 871 878 893 924 
878	10 102 203 254 272 421 510 558 577 708 748 806 837 842 864 871 893 924 
893	10 102 142 203 254 272 421 510 558 577 708 748 806 837 842 864 871 878 924 
924	10 102 142 203 254 272 421 510 558 577 708 748 806 837 842 864 871 878 893 
983	86 109 224 326 382 423 439 474 478 489 492 546 595 597 679 699 731 735 791 796 913 922 929 949 
11	232 532 707 769 
34	11 707 769 
232	11 509 532 707 769 
532	11 18 93 218 232 509 707 769 
553	271 663 766 874 934 952 973 984 
632	527 545 614 651 767 775 813 832 841 850 
707	11 18 34 93 133 145 218 232 273 509 532 769 
769	11 18 34 93 133 145 218 232 273 509 532 707 
12	933 941 945 1000 
488	522 652 804 884 902 931 961 
638	28 854 
910	77 173 201 302 373 386 496 517 613 678 724 730 738 789 825 835 904 991 
933	12 123 280 292 347 358 494 575 620 694 737 778 800 877 908 937 941 943 945 950 969 1000 
941	12 118 190 292 347 358 494 575 620 694 737 778 800 877 908 933 937 943 945 950 969 1000 
945	12 123 190 234 237 292 358 575 620 694 737 778 800 877 908 933 937 941 943 950 969 1000 
1000	12 118 123 146 190 234 237 280 292 319 347 358 494 575 620 694 737 778 800 877 908 933 937 941 943 945 950 969 
13	956 963 971 979 
783	177 341 506 561 635 680 681 810 883 886 900 926 935 960 982 
858	162 171 308 405 476 576 615 627 691 696 722 749 763 820 905 923 975 990 
889	100 166 381 390 442 
956	13 36 139 269 339 518 528 617 662 674 683 809 852 875 909 946 962 963 967 971 979 
963	13 36 139 244 269 286 339 351 518 528 617 662 674 683 809 852 875 909 946 956 962 971 979 
971	13 36 139 244 269 339 351 495 518 528 617 662 674 683 809 852 875 909 946 956 962 963 979 
14	645 710 736 773 777 
645	14 30 328 362 393 485 710 736 773 777 
710	14 30 311 328 362 393 485 645 736 773 777 
736	14 30 311 328 393 485 645 710 773 777 
773	14 30 311 328 362 393 485 645 710 736 777 
777	14 30 311 328 362 393 485 645 710 736 773 
873	367 469 500 514 
15	260 493 582 588 634 
260	15 432 468 493 588 634 
493	15 25 260 277 468 582 588 634 
582	15 25 277 432 468 493 588 634 
588	15 25 27 260 277 432 468 493 582 634 
696	308 415 659 747 749 763 820 858 905 923 990 
885	20 449 459 565 653 656 709 801 831 867 869 881 907 912 987 997 
16	230 472 584 629 
230	16 19 461 472 516 584 
472	16 19 230 274 448 461 584 629 
515	16 85 156 251 303 458 499 
584	16 19 230 274 330 448 461 472 516 629 
629	16 19 274 330 448 461 472 516 584 
806	558 577 708 748 837 842 864 871 878 893 924 
17	80 174 551 650 
80	17 231 276 551 650 
174	17 231 304 551 650 
402	193 724 865 904 991 
551	17 80 174 225 231 276 650 
920	464 543 548 570 
18	232 532 707 769 
439	489 735 796 913 949 983 
545	632 651 767 775 813 832 841 850 
792	236 395 430 600 781 829 853 884 902 938 961 
19	230 461 472 584 629 
461	19 230 274 330 472 516 584 629 
743	391 507 695 705 734 824 849 876 925 954 970 999 
20	831 869 885 987 997 
869	20 105 325 343 538 565 591 656 669 709 831 867 881 885 912 987 997 
965	33 62 108 117 175 204 248 255 318 329 443 606 610 624 644 666 739 768 782 807 846 882 901 995 
987	20 105 209 227 325 343 363 446 449 459 538 591 653 656 669 709 801 831 867 869 881 885 907 912 997 
997	20 105 199 209 227 246 325 343 363 446 449 459 538 565 591 656 669 709 801 831 867 869 881 885 907 912 987 
21	352 398 717 764 896 
264	770 849 954 970 999 
352	21 265 460 482 754 764 896 
398	21 45 482 501 717 754 896 
717	21 45 63 265 398 436 501 754 764 896 
764	21 63 265 352 436 482 501 717 754 896 
855	212 288 297 419 544 573 643 723 839 862 914 932 980 
22	928 930 981 989 993 
828	69 195 250 426 637 670 721 727 751 812 847 
923	186 223 308 354 476 615 627 659 673 691 696 722 747 749 818 820 858 895 905 975 990 
23	
278	126 763 820 905 990 
425	68 589 887 903 948 
686	24 44 147 221 233 294 574 688 693 
894	23 111 115 140 350 571 646 698 729 758 805 833 890 
942	243 262 380 388 409 466 498 529 537 583 626 784 815 830 834 845 921 
951	64 245 307 379 401 453 471 533 536 569 586 636 648 697 700 714 740 823 917 966 977 
24	221 574 686 688 693 
221	24 147 294 686 688 693 
409	583 815 830 834 845 921 942 
574	24 44 147 294 686 688 693 
688	24 44 147 221 233 294 574 686 693 
693	24 44 147 221 233 294 574 686 688 
968	611 701 706 774 870 897 
25	493 582 588 634 
605	315 316 
26	511 753 808 844 892 
360	65 70 414 503 
511	26 556 753 765 808 844 918 
678	83 131 373 613 668 789 825 835 910 991 
753	26 168 511 556 765 808 844 892 918 
808	26 46 116 163 168 337 346 511 556 753 765 844 892 918 
844	26 46 96 116 168 337 346 511 556 753 765 808 892 918 
892	26 46 96 116 163 337 346 556 753 765 808 844 918 
27	432 582 588 634 
432	27 260 277 468 582 588 634 
491	193 789 798 835 872 
687	324 535 559 602 642 755 761 802 821 856 958 
952	51 55 76 155 271 317 435 437 444 465 480 553 603 628 647 663 677 728 766 797 819 859 874 934 973 984 988 
28	947 
161	770 849 925 954 970 999 
799	28 854 
802	52 103 275 440 483 535 567 602 642 687 755 761 821 856 958 
854	28 799 947 
947	28 289 638 
29	857 888 898 899 916 
961	119 130 167 323 395 430 488 522 600 652 667 715 781 792 804 829 853 884 902 919 931 938 
962	36 269 339 518 528 617 662 674 683 809 852 875 909 946 956 963 971 979 
30	645 710 736 773 777 
774	40 377 486 611 701 703 706 870 897 
31	659 763 895 975 990 
659	31 354 615 696 747 749 820 905 923 975 990 
763	31 162 278 308 696 749 818 820 858 895 905 975 990 
895	31 104 162 186 222 340 405 476 615 627 673 691 747 763 818 820 905 923 975 990 
967	97 135 154 315 316 
975	31 104 126 171 186 223 308 340 354 405 415 576 615 627 659 673 691 722 747 749 763 818 820 858 895 905 923 990 
990	31 104 126 162 171 186 222 278 308 340 405 415 476 576 615 659 673 691 696 722 747 749 763 818 820 858 895 905 923 975 
32	367 427 469 500 514 
367	32 427 469 500 514 
427	32 367 469 500 514 
469	32 367 427 500 514 
500	32 229 367 427 469 514 
508	196 267 336 359 366 417 431 
514	32 367 427 469 500 
726	79 110 217 257 400 616 
33	644 846 965 995 
283	826 868 915 955 978 998 
480	677 766 819 934 952 973 984 988 
644	175 606 739 768 782 807 846 882 965 995 
846	33 62 204 248 255 606 610 644 666 739 782 807 882 901 965 995 
162	763 858 895 905 990 
619	82 200 371 457 463 657 
35	373 517 738 865 991 
110	79 217 257 616 726 
373	35 678 730 789 872 910 991 
517	35 724 789 835 865 872 904 910 
738	35 54 173 302 598 730 865 872 904 910 991 
780	88 181 207 211 374 475 505 519 625 750 752 
865	35 77 83 193 302 402 451 496 517 598 613 724 738 825 835 872 904 991 
991	35 54 83 173 193 373 386 402 451 496 598 613 668 678 724 730 738 789 798 825 865 872 904 910 
36	956 962 963 971 979 
181	505 519 625 750 752 780 
388	529 626 830 834 845 921 942 
37	
536	401 471 697 823 917 951 966 977 
620	877 908 933 937 941 943 945 950 969 1000 
829	47 167 430 600 652 781 792 853 902 919 931 938 961 
887	68 205 321 411 425 433 550 563 589 594 630 633 772 785 827 903 948 
998	99 151 172 178 247 253 283 320 342 392 490 525 631 655 702 741 795 826 868 915 955 978 
38	794 891 939 940 
107	928 930 981 989 993 
538	246 459 653 869 907 912 987 997 
794	38 50 60 293 470 526 682 719 733 744 891 939 940 
891	38 50 60 293 470 526 682 719 733 744 794 861 939 940 
940	38 50 60 73 293 470 526 676 682 719 733 744 794 891 939 
39	412 
335	220 285 356 422 452 
337	556 765 808 844 892 918 
412	298 580 
542	68 772 785 903 948 
912	199 209 246 343 363 446 538 565 591 653 656 669 709 801 867 869 881 885 907 987 997 
40	486 701 774 870 897 
486	40 611 706 774 870 897 
949	109 224 326 382 423 439 474 478 489 492 546 595 597 660 679 699 731 791 796 913 922 929 983 
41	412 
872	54 131 193 373 451 491 517 598 613 668 738 789 798 825 835 865 904 991 
900	75 284 410 473 523 596 718 760 783 814 838 843 883 886 926 935 960 982 
932	121 124 125 212 226 288 297 385 467 566 573 640 665 723 788 839 855 862 914 980 
944	184 206 368 484 959 
42	554 622 803 
139	956 963 971 979 
309	
554	42 187 198 622 684 713 803 
622	42 127 170 375 554 684 762 803 
803	42 84 127 170 187 198 296 375 481 521 554 622 684 762 
851	753 844 892 918 
906	136 216 455 497 504 612 623 745 779 786 793 
43	424 464 543 548 570 
66	249 322 338 357 
424	43 240 464 543 548 570 
464	43 240 424 543 548 570 
543	43 240 424 464 548 570 
548	43 240 424 464 543 570 
570	43 240 424 464 543 548 
992	200 371 457 463 619 657 
44	233 574 686 688 693 
233	44 294 686 688 693 
879	220 335 422 452 
45	398 501 717 754 896 
55	797 874 952 973 
501	45 265 398 717 754 764 896 
607	387 593 621 658 790 992 
754	45 63 352 398 436 460 482 501 717 764 896 
46	808 844 892 918 
730	173 201 373 386 598 724 738 798 835 904 910 991 
918	46 96 116 163 168 337 346 511 753 765 808 844 892 
976	184 206 368 484 848 959 
47	829 884 919 931 938 
742	746 
884	47 94 395 488 562 600 667 715 781 792 804 853 902 919 931 938 961 
919	47 114 119 130 167 395 522 562 600 652 667 715 781 804 829 853 884 902 931 938 961 
931	47 94 119 236 323 488 522 562 652 715 781 804 829 853 884 902 919 938 961 
938	47 119 130 236 323 395 522 562 600 652 667 715 792 804 829 853 884 902 919 931 961 
48	412 
524	56 189 290 355 394 438 445 
541	
765	116 163 337 346 511 753 808 844 892 918 
49	72 112 128 235 389 
72	49 71 129 235 389 
112	49 128 129 389 
128	49 71 112 235 389 
235	49 71 72 128 129 389 
389	49 71 72 112 128 129 235 
740	401 533 636 648 697 700 714 917 951 966 977 
904	77 83 131 201 302 402 496 517 598 613 668 730 738 798 825 835 865 872 910 991 
50	733 794 891 939 940 
392	795 826 868 915 955 978 998 
733	50 60 293 470 526 682 719 744 794 891 939 940 
51	797 934 952 973 984 
556	96 168 337 511 753 808 844 892 
797	51 55 92 647 663 766 819 859 874 934 952 973 984 988 
934	51 76 155 317 437 465 480 502 553 590 603 628 647 663 677 728 797 859 874 952 973 984 988 
984	51 76 92 271 317 435 437 444 465 480 502 553 590 603 628 647 663 677 728 766 797 819 859 874 934 952 973 988 
52	291 602 802 821 958 
185	288 665 788 862 914 
187	127 554 713 762 803 
291	52 642 761 856 958 
602	52 103 559 687 755 761 802 856 958 
821	52 141 324 440 559 567 642 687 755 761 802 856 958 
958	52 103 141 182 275 291 324 440 483 535 559 567 602 642 687 755 761 802 821 856 
53	103 179 365 378 
103	567 602 802 856 958 
179	53 365 378 
332	404 664 725 880 911 936 
365	53 179 378 
378	53 179 365 
964	53 179 365 378 
54	613 738 825 872 991 
825	54 77 131 193 386 678 724 789 835 865 872 904 910 991 
907	199 209 246 363 449 459 538 591 656 669 709 831 867 881 885 912 987 997 
64	569 586 951 966 977 
874	55 444 465 502 553 603 628 647 728 766 797 819 859 934 952 973 984 988 
999	113 161 264 299 327 391 507 513 530 547 661 695 704 705 734 743 759 770 824 849 876 925 954 970 
56	290 355 438 445 524 
237	937 943 945 950 969 1000 
290	56 132 355 394 438 445 524 
355	56 189 290 394 438 524 
438	56 189 290 355 394 445 524 
445	56 132 189 290 394 438 524 
883	331 410 473 561 680 681 718 760 783 810 814 838 843 900 926 935 953 960 982 
57	137 160 210 295 
137	57 106 160 210 295 
160	57 106 137 210 295 
210	57 106 137 160 295 
295	57 106 137 160 210 
653	446 538 565 591 669 801 831 881 885 912 987 
712	
58	153 252 397 531 641 
153	58 252 397 531 641 
252	58 95 153 397 531 641 
711	458 499 515 
772	512 542 550 557 630 633 785 827 887 903 948 
59	692 880 911 936 
533	176 636 648 740 823 917 951 966 977 
985	670 721 727 751 812 828 847 
60	733 794 891 939 940 
881	199 246 325 363 449 565 653 669 709 801 831 867 869 885 907 912 987 997 
61	188 512 785 948 
188	61 287 787 827 903 
512	61 456 633 772 787 903 948 
785	61 169 287 321 411 542 563 630 772 787 827 887 948 
948	61 169 287 411 425 456 512 542 550 557 563 589 594 630 633 772 785 787 827 887 903 
953	75 134 177 238 331 341 410 506 523 560 596 635 681 718 760 810 838 843 883 886 926 935 960 982 
62	739 807 846 901 965 995 
154	97 135 315 316 
739	62 204 329 610 624 644 768 782 846 965 995 
807	62 175 248 318 443 644 666 768 782 846 882 901 965 995 
901	62 117 175 204 318 606 610 624 666 768 782 807 846 882 965 995 
63	482 717 754 764 896 
482	63 352 398 436 754 764 896 
572	
902	130 323 430 488 522 600 667 715 781 792 829 853 884 919 931 938 961 
244	
569	64 158 648 714 823 951 966 977 
586	64 379 700 917 951 966 977 
966	64 158 176 245 307 401 453 471 533 536 569 586 636 648 697 700 714 740 823 917 951 977 
977	64 158 176 307 379 401 453 471 533 536 569 586 636 648 697 700 714 740 823 917 951 966 
65	360 414 420 503 
414	65 70 360 420 503 
420	65 70 414 503 
478	699 731 791 796 922 929 949 983 
503	65 70 360 372 414 420 
859	92 138 271 435 437 603 663 677 728 766 797 819 874 934 952 973 984 988 
249	66 67 242 322 338 357 
285	220 335 356 422 452 
322	66 67 242 249 338 357 
338	66 67 242 249 322 357 
357	66 67 242 249 322 338 
67	242 249 322 338 357 
242	67 249 322 338 357 
507	743 824 849 876 925 954 970 999 
810	341 473 523 680 681 718 760 783 814 838 883 886 926 935 953 960 
68	411 425 827 887 
106	137 160 210 295 
411	68 589 633 785 887 903 948 
827	68 188 205 287 321 550 563 594 630 772 785 787 887 903 948 
868	178 247 253 283 320 342 392 490 525 631 655 702 741 795 826 915 955 978 998 
69	670 727 812 828 847 
670	69 250 426 637 721 727 751 812 828 847 
727	69 74 195 426 637 670 721 751 812 828 847 
778	694 737 800 877 908 933 937 941 943 945 950 969 1000 
812	69 74 195 250 426 637 670 721 727 751 828 847 
847	69 74 195 250 426 637 670 721 727 751 812 828 
70	360 414 420 503 
630	287 456 633 772 785 827 887 903 948 
980	121 124 125 157 208 226 288 297 385 419 467 544 566 573 640 643 665 723 788 839 855 862 914 932 
71	72 128 129 235 389 
129	71 72 112 235 389 
490	795 826 868 915 955 978 998 
223	576 673 747 923 975 
73	
253	868 915 955 978 998 
460	265 352 436 754 896 
960	177 263 284 331 410 473 506 523 561 587 596 635 681 718 783 810 814 838 843 883 886 900 926 935 953 982 
74	721 727 751 812 847 
715	395 430 600 667 781 884 902 919 931 938 961 
721	74 250 426 637 670 727 751 812 828 847 
751	74 195 250 426 637 670 721 727 812 828 847 
75	560 587 900 953 982 
560	75 506 596 814 838 843 886 926 953 
587	75 680 718 838 843 926 935 960 982 
982	75 134 177 263 284 331 341 410 473 506 523 587 596 635 680 681 718 760 783 814 838 843 883 886 900 926 935 953 960 
76	766 934 952 984 988 
313	166 442 
766	76 317 480 502 553 628 663 728 797 859 874 952 973 984 988 
988	76 92 138 155 271 317 435 437 444 465 480 502 590 603 628 647 663 677 728 766 797 819 859 874 934 952 973 984 
77	789 825 865 904 910 
746	649 671 716 
789	77 173 373 491 496 517 613 678 724 798 825 835 872 910 991 
839	208 226 297 419 467 544 566 723 855 862 914 932 980 
78	431 
431	336 359 366 417 508 
672	78 98 241 384 441 711 
903	169 188 321 411 425 433 456 512 542 563 589 594 630 633 772 787 827 887 948 
917	176 245 307 401 453 471 533 536 586 636 648 697 700 714 740 823 951 966 977 
79	110 217 616 726 
217	79 110 257 616 726 
400	79 616 726 
616	79 110 217 257 400 434 726 
231	80 174 304 551 650 
276	80 225 304 551 650 
81	767 775 832 841 850 
767	81 87 120 194 527 545 614 632 651 813 832 841 850 
82	457 463 619 657 
299	705 770 824 876 954 970 999 
463	82 200 371 457 619 657 
657	82 200 371 457 463 619 
83	668 678 865 904 991 
311	393 485 710 736 773 777 
428	150 183 215 376 487 604 608 
668	83 302 386 496 598 678 724 835 872 904 991 
84	521 684 803 
481	84 521 762 803 
521	84 198 481 684 713 762 803 
684	84 127 170 296 375 521 554 622 762 803 
860	367 469 500 514 
959	184 206 368 484 944 
85	156 458 499 515 
156	85 303 458 499 515 
458	85 156 251 303 499 515 
484	184 206 368 959 
499	85 156 251 303 458 515 
994	85 156 251 303 458 499 515 
86	699 791 913 922 983 
145	218 273 509 707 769 
699	86 478 597 660 735 791 796 922 929 949 983 
791	86 109 224 478 489 660 679 699 731 735 913 922 929 949 983 
913	86 109 224 326 423 439 474 489 492 595 597 679 731 735 791 796 922 929 949 983 
922	86 224 326 382 423 474 478 489 492 546 597 660 699 731 735 791 796 913 929 949 983 
87	767 813 832 841 850 
122	
813	87 120 219 527 545 614 632 651 767 775 832 841 850 
88	475 625 750 752 780 
132	290 394 445 
475	88 207 374 505 625 750 752 780 
625	88 181 211 374 475 519 750 752 780 
750	88 181 207 211 374 475 505 519 625 752 780 
752	88 181 207 211 374 475 505 519 625 750 780 
89	880 911 936 
526	682 719 733 744 794 891 939 940 
90	200 
200	90 457 463 619 657 
361	90 
793	216 374 455 497 504 612 623 745 779 786 906 
882	108 117 204 248 255 443 606 610 624 644 768 782 807 846 901 965 995 
908	146 292 319 347 494 620 694 737 778 800 877 933 937 941 943 945 950 969 1000 
91	664 725 880 911 936 
664	91 149 312 332 404 477 599 692 725 880 911 936 
725	91 312 332 404 462 477 599 664 692 880 911 936 
749	415 627 659 673 696 722 763 820 858 905 923 975 990 
92	797 859 973 984 988 
93	133 218 532 707 769 
133	93 273 707 769 
218	93 145 509 532 707 769 
720	152 213 261 306 334 406 418 479 564 581 732 
94	522 667 884 931 
522	94 488 667 902 919 931 938 961 
667	94 114 167 522 715 853 884 902 919 938 961 
909	339 518 528 617 662 674 683 809 852 875 946 956 962 963 971 979 
786	136 216 455 497 504 612 623 745 779 793 906 
96	163 556 844 892 918 
163	96 765 808 892 918 
97	154 315 316 
315	97 135 154 316 
316	97 135 154 315 
598	386 668 730 738 798 865 872 904 991 
943	123 146 237 280 319 347 358 494 620 694 737 778 800 877 908 933 937 941 945 950 969 1000 
98	241 384 441 672 
241	98 384 441 672 
306	152 334 406 479 564 720 732 
384	98 241 441 672 
441	98 241 384 672 
759	327 530 695 704 705 734 770 824 849 876 925 954 970 999 
99	915 955 978 998 
492	597 679 913 922 929 949 983 
848	368 484 811 
915	99 151 178 247 253 283 320 342 392 490 525 631 655 702 741 795 826 868 955 978 998 
955	99 151 178 247 253 283 320 342 392 490 525 631 655 690 702 741 795 826 868 915 978 998 
972	733 744 794 891 939 940 
978	99 151 178 247 253 283 320 342 392 490 525 631 655 702 741 795 826 868 915 955 998 
100	381 390 442 
101	
277	432 468 493 582 588 634 
640	125 208 288 544 566 723 862 914 932 980 
946	339 518 528 617 662 674 683 809 852 875 909 956 962 963 971 979 
871	102 142 203 254 272 421 510 558 577 708 748 806 837 842 864 878 893 924 
567	103 324 440 755 761 802 821 856 958 
856	103 182 275 291 324 483 559 567 602 642 687 755 761 802 821 958 
104	818 895 975 990 
818	104 171 222 308 405 627 673 691 722 747 763 895 905 923 975 990 
826	178 283 320 392 490 525 631 655 702 741 795 868 915 955 978 998 
105	831 869 987 997 
666	175 606 610 782 807 846 901 965 995 
866	564 581 720 732 
669	209 363 653 801 831 869 881 907 912 987 997 
108	768 782 882 965 995 
768	108 255 443 606 610 624 644 739 782 807 882 901 965 995 
782	108 248 329 606 644 666 739 768 807 846 882 901 965 995 
109	791 913 929 949 983 
647	435 590 663 797 874 934 952 973 984 988 
843	473 506 560 587 596 635 680 760 838 883 886 900 926 935 953 960 982 
929	109 224 326 382 423 474 478 492 546 597 660 679 699 731 735 791 796 913 922 949 983 
257	110 217 616 726 
111	729 758 833 890 894 
729	111 115 350 571 646 698 758 833 890 894 
758	111 115 140 350 571 646 698 729 833 890 894 
762	127 170 187 296 375 481 521 622 684 713 803 
833	111 115 140 350 571 646 698 729 758 890 894 
890	111 115 140 350 571 646 698 729 758 805 833 894 
770	161 264 299 661 704 705 734 759 824 849 876 925 954 970 999 
113	734 925 954 999 
734	113 547 661 695 743 759 770 824 849 876 954 970 999 
925	113 161 327 391 507 513 530 547 661 695 704 705 743 759 770 824 849 876 954 970 999 
954	113 161 264 299 327 391 507 513 530 547 661 695 704 705 734 743 759 770 824 849 876 925 970 999 
114	600 667 804 853 919 
600	114 715 792 804 829 884 902 919 938 961 
804	114 236 395 488 562 600 781 853 884 919 931 938 961 
853	114 119 167 323 562 652 667 781 792 804 829 884 902 919 931 938 961 
115	729 758 833 890 894 
926	238 263 341 410 523 560 561 587 596 635 680 760 783 810 814 838 843 883 900 953 960 982 
116	765 808 844 892 918 
117	443 882 901 965 995 
443	117 624 768 807 882 965 995 
747	223 354 627 659 673 696 722 818 820 895 905 923 975 990 
118	937 941 969 1000 
771	601 618 757 817 836 857 888 898 899 916 
835	201 451 491 496 517 668 678 724 730 789 825 865 872 904 910 
937	118 146 234 237 280 575 620 694 737 778 800 877 908 933 941 943 945 950 969 1000 
969	118 146 190 234 237 319 358 494 575 620 694 737 778 800 877 908 933 937 941 943 945 950 1000 
119	853 919 931 938 961 
120	767 775 813 832 841 
636	533 700 714 740 823 917 951 966 977 
121	862 932 980 
375	296 622 684 713 762 803 
862	121 124 157 185 208 212 419 544 573 640 665 788 839 855 914 932 980 
986	670 721 727 751 812 828 847 
343	867 869 912 987 997 
849	161 264 327 507 513 530 661 695 734 743 759 770 824 876 925 954 970 999 
123	933 943 945 950 1000 
599	214 462 477 664 692 725 880 911 936 
950	123 190 234 237 280 292 319 347 494 575 620 694 737 778 800 877 908 933 937 941 943 945 969 1000 
124	665 862 914 932 980 
606	644 666 768 782 846 882 901 965 995 
665	124 185 212 226 544 723 788 862 914 932 980 
914	124 125 185 208 297 385 419 640 665 723 839 855 862 932 980 
125	640 914 932 980 
905	126 162 186 278 405 415 476 576 659 673 691 696 747 749 763 818 820 858 895 923 975 990 
126	278 
269	956 962 963 971 979 
627	126 171 576 747 749 818 858 895 923 975 
127	187 622 684 762 803 
861	744 891 939 940 
130	902 919 938 961 
452	220 285 335 356 422 
131	678 724 825 872 904 
426	670 721 727 751 812 828 847 
724	131 402 451 517 668 730 789 825 835 865 910 991 
394	132 189 290 355 438 445 524 
419	788 839 855 862 914 980 
273	133 145 509 707 769 
609	384 672 
811	745 793 906 
134	886 935 953 982 
820	171 278 340 476 659 696 747 749 763 858 895 905 923 975 990 
834	243 388 409 466 498 529 537 583 626 784 815 830 845 921 942 
935	134 263 284 410 523 561 587 681 718 760 783 810 814 838 843 883 886 900 953 960 982 
135	154 315 316 
229	500 514 
136	504 745 779 786 906 
504	136 612 745 779 786 793 906 
745	136 216 455 504 612 623 786 793 906 
779	136 455 497 504 612 623 786 793 906 
138	603 728 859 988 
603	502 819 859 874 934 952 973 984 988 
728	138 465 590 766 819 859 874 934 952 973 984 988 
731	478 595 597 679 735 791 796 913 922 929 949 983 
877	280 292 319 494 575 620 694 737 778 800 908 933 937 941 943 945 950 969 1000 
593	370 387 607 621 658 790 
140	758 833 890 894 
191	140 
268	
679	492 597 660 731 791 796 913 929 949 983 
141	483 761 821 958 
483	141 182 642 761 802 856 958 
675	202 
761	141 291 324 483 567 602 642 687 755 802 821 856 958 
142	837 864 871 893 924 
143	857 888 898 899 916 
144	611 701 870 897 
366	196 267 336 417 431 508 
611	144 164 486 703 774 870 897 
706	144 486 555 703 774 870 897 
509	145 218 232 273 532 707 769 
146	908 937 943 969 1000 
695	661 704 705 734 743 759 849 876 925 954 970 999 
732	152 213 261 306 334 406 418 479 564 581 720 
147	221 574 686 688 693 
342	795 868 915 955 978 998 
148	928 930 981 989 993 
149	214 664 880 911 936 
214	149 477 599 880 911 936 
150	183 413 428 604 608 
183	150 428 487 604 608 
413	150 215 305 376 487 604 608 
604	150 183 215 305 376 413 428 487 608 
608	150 183 215 305 376 413 428 487 604 
151	741 915 955 978 998 
633	169 205 321 411 512 557 630 772 887 903 948 
741	151 320 525 631 655 702 795 826 868 915 955 978 998 
152	261 306 479 720 732 
261	152 213 564 581 720 732 
479	152 306 418 581 720 732 
155	435 502 934 952 988 
435	155 647 859 952 973 984 988 
502	155 603 766 874 934 973 984 988 
303	156 251 458 499 515 
157	544 643 788 862 980 
544	157 640 665 839 855 862 980 
643	157 288 467 573 723 788 855 980 
722	354 415 576 673 691 747 749 818 858 923 975 990 
788	157 185 208 212 385 419 467 566 573 643 665 862 932 980 
158	307 569 823 966 977 
307	158 823 917 951 966 977 
321	550 633 785 787 827 887 903 
823	158 245 307 453 533 536 569 636 648 700 714 917 951 966 977 
159	
248	329 782 807 846 882 965 
814	177 238 341 473 560 561 680 760 810 838 883 886 900 926 935 960 982 
970	161 264 299 327 391 507 513 530 547 661 695 704 705 734 743 759 770 824 849 876 925 954 999 
399	817 836 857 888 898 899 916 
760	238 561 681 810 814 843 883 886 900 926 935 953 982 
822	
164	555 611 703 870 897 
555	164 450 701 703 706 870 897 
165	471 700 
471	176 379 453 536 917 951 966 977 
700	453 586 636 697 714 740 823 917 951 966 977 
996	504 745 779 786 793 906 
167	667 829 853 919 961 
662	809 852 875 909 946 956 962 963 971 979 
168	556 753 808 844 918 
169	557 563 633 785 903 948 
557	169 205 550 563 589 633 772 787 948 
563	169 287 557 594 785 787 827 887 903 948 
170	622 684 762 803 
510	837 842 864 871 878 893 924 
581	261 334 406 418 479 564 720 732 
171	627 818 820 858 975 990 
781	236 562 652 715 792 804 829 853 884 902 919 931 961 
172	
660	382 474 546 595 679 699 791 796 922 929 949 
921	243 262 380 388 409 466 498 529 537 583 626 784 815 830 834 845 942 
173	730 738 789 798 910 991 
628	590 663 677 766 874 934 952 973 984 988 
691	354 405 615 722 818 858 895 905 923 975 990 
798	173 201 386 451 491 598 730 789 872 904 991 
304	174 225 231 276 650 
175	644 666 807 901 965 995 
176	471 533 697 917 966 977 
697	176 379 536 648 700 714 740 917 951 966 977 
177	783 814 953 960 982 
178	826 868 915 955 978 998 
275	559 802 856 958 
180	
386	598 668 730 798 825 910 991 
505	181 207 211 475 750 752 780 
519	181 207 374 625 750 752 780 
182	483 559 856 958 
559	182 275 324 602 642 687 821 856 958 
579	616 726 
713	187 198 296 375 521 554 762 
974	228 239 408 534 549 568 
272	837 864 871 878 893 924 
325	565 867 869 881 987 997 
487	183 215 305 376 413 428 604 608 
184	206 368 484 976 
206	184 484 944 
368	184 484 976 
288	385 640 643 855 932 980 
836	399 601 618 757 771 817 857 888 898 899 916 
186	895 905 923 975 990 
756	
287	188 563 630 785 827 948 
702	525 631 655 741 795 826 868 915 955 978 998 
787	188 321 456 512 557 563 589 594 785 827 903 948 
189	355 394 438 445 524 
190	941 945 950 969 1000 
192	387 578 621 790 
387	192 578 585 593 607 790 
621	192 578 585 593 607 790 
790	192 370 387 578 585 593 607 621 658 
193	402 825 865 872 991 
755	440 535 567 602 642 687 761 802 821 856 958 
801	459 565 653 656 669 709 831 867 881 885 912 987 997 
194	614 767 775 832 841 850 
614	194 527 632 651 767 775 813 832 841 850 
719	293 470 526 682 733 744 794 891 939 940 
195	727 751 812 828 847 
196	267 336 359 366 417 508 
267	196 366 417 508 
336	196 359 366 417 431 508 
359	196 336 417 431 508 
523	680 810 838 900 926 935 953 960 982 
197	928 930 981 989 993 
561	635 760 783 814 883 886 926 935 960 
198	296 521 554 713 803 
296	198 375 684 713 762 803 
353	198 481 
199	709 867 881 907 912 997 
404	332 664 692 725 880 911 936 
709	199 591 801 831 869 881 885 907 912 987 997 
867	199 227 325 343 446 449 459 565 591 656 801 831 869 881 885 907 912 987 997 
718	506 587 635 810 838 883 900 935 953 960 982 
201	730 798 835 904 910 
202	675 
203	837 864 871 878 893 924 
204	739 846 882 901 965 
333	816 928 930 981 989 993 
205	433 557 633 827 887 
433	205 550 630 887 903 
615	340 659 673 691 858 895 923 975 990 
708	748 806 837 842 864 871 878 893 924 
714	569 636 648 697 700 740 823 917 951 966 977 
207	475 519 750 752 780 
208	640 788 839 862 914 980 
326	423 913 922 929 949 983 
209	669 907 912 987 997 
211	505 625 750 752 780 
575	800 877 933 937 941 945 950 969 1000 
651	219 545 614 632 767 775 813 832 841 850 
212	665 788 855 862 932 
795	247 342 392 490 525 631 655 702 741 826 868 915 955 978 998 
213	261 406 418 720 732 
238	596 760 814 926 953 
406	213 306 334 564 581 720 732 
418	213 334 479 564 581 720 732 
477	214 462 599 664 725 880 911 936 
680	523 587 596 783 810 814 843 883 886 926 982 
215	376 413 428 487 604 608 
376	215 305 413 428 487 604 608 
216	623 745 786 793 906 
293	719 733 744 794 891 939 940 
863	217 257 616 726 
219	527 651 775 813 841 850 
527	219 614 632 767 813 832 841 850 
220	285 335 356 422 452 
356	220 285 335 422 452 
422	220 285 335 356 452 
294	221 233 574 686 688 693 
222	749 818 895 990 
358	933 941 943 945 969 1000 
576	223 627 722 858 905 975 990 
673	223 615 722 747 749 818 895 905 923 975 990 
224	791 913 922 929 949 983 
225	276 304 551 650 
226	297 566 665 839 932 980 
297	226 839 855 914 932 980 
566	226 640 723 788 839 932 980 
227	246 831 867 987 997 
246	227 538 881 907 912 997 
228	408 534 549 568 
408	228 239 534 549 568 
534	228 239 408 549 568 
549	228 239 408 534 568 
568	228 239 408 534 549 
405	691 818 858 895 905 975 990 
516	230 330 448 461 584 629 
448	274 330 472 516 584 629 
809	617 662 674 683 852 875 909 946 956 962 963 971 979 
234	800 937 945 950 969 1000 
800	234 280 575 694 737 778 877 908 933 937 941 943 945 950 969 1000 
236	781 792 804 931 938 
646	350 571 698 729 758 833 890 894 
596	238 560 680 843 900 926 953 960 982 
239	408 534 549 568 
927	239 360 414 420 503 
591	653 656 709 867 869 907 912 987 997 
830	243 262 380 388 409 498 529 537 583 626 784 815 834 845 921 942 
243	815 830 834 845 921 942 
815	243 262 380 409 466 498 529 537 583 626 784 830 834 845 921 942 
845	243 262 380 388 409 466 498 529 537 583 626 784 815 830 834 921 942 
245	823 917 951 966 
247	795 868 915 955 978 998 
562	430 652 781 804 853 884 919 931 938 
329	248 739 782 965 995 
266	534 568 
250	670 721 751 812 828 847 
251	303 458 499 515 
652	488 562 781 829 853 919 931 938 961 
254	837 864 871 878 893 924 
255	768 846 882 965 995 
256	816 928 930 981 989 993 
320	741 826 868 915 955 978 998 
258	928 930 981 989 993 
735	382 439 474 489 546 699 731 791 796 913 922 929 983 
259	928 930 981 989 993 
496	668 789 835 865 904 910 991 
468	260 277 432 493 582 588 634 
564	261 306 406 418 581 720 732 
852	518 528 617 662 674 683 809 875 909 946 956 962 963 971 979 
262	784 815 830 845 921 942 
377	450 701 774 870 897 
784	262 380 466 498 529 537 583 626 815 830 834 845 921 942 
263	838 926 935 960 982 
344	
838	263 473 523 560 587 635 718 810 814 843 883 886 900 926 935 953 960 982 
265	352 501 717 764 896 
383	345 429 454 649 671 716 
270	
470	682 719 733 744 794 891 939 940 
271	553 819 859 952 984 988 
819	271 437 444 465 480 590 603 677 728 797 859 874 952 973 984 988 
282	412 
529	388 784 815 830 834 845 921 942 
274	448 461 472 584 629 
279	
280	800 877 933 937 943 950 1000 
281	857 888 898 899 916 
284	886 900 935 960 982 
369	816 928 930 981 989 993 
520	298 412 
286	
723	566 573 640 643 665 839 855 914 932 980 
371	457 463 619 657 
385	288 467 788 914 932 980 
289	861 
535	440 642 687 755 802 958 
540	964 
430	323 562 715 829 902 961 
642	291 483 535 559 687 755 761 802 821 856 958 
292	877 908 933 941 945 950 1000 
379	453 471 586 697 951 977 
744	293 470 526 682 719 733 794 891 939 940 
530	661 704 759 849 876 925 954 970 999 
298	412 
580	298 412 
705	299 547 695 704 743 759 770 824 876 925 954 970 999 
824	299 391 507 661 704 705 734 743 759 770 849 876 925 954 970 999 
876	299 507 513 530 547 661 695 704 705 734 743 759 770 824 849 925 954 970 999 
300	
301	
302	613 668 738 865 904 910 
403	
305	376 413 487 604 608 
476	340 820 858 895 905 923 990 
639	
334	306 406 418 581 720 732 
589	307 411 425 456 557 787 887 903 948 
308	696 763 818 858 923 975 990 
310	574 693 
393	311 645 710 736 773 777 
485	311 328 362 645 710 736 773 777 
550	321 433 557 594 772 827 887 948 
312	664 692 725 880 911 936 
656	446 591 801 867 869 885 907 912 987 997 
318	624 807 901 965 995 
314	
528	852 875 909 946 956 962 963 971 979 
317	677 766 934 952 973 984 988 
677	317 480 628 819 859 934 952 973 984 988 
624	318 443 610 739 768 882 901 965 995 
319	877 908 943 950 969 1000 
331	635 883 953 960 982 
451	724 798 835 865 872 991 
323	430 853 902 931 938 961 
324	559 567 687 761 821 856 958 
565	325 653 801 867 869 881 885 912 997 
423	326 796 913 922 929 949 983 
327	513 759 849 925 954 970 999 
513	327 391 704 849 876 925 954 970 999 
328	485 645 710 736 773 777 
429	345 383 454 649 671 716 
330	448 461 516 584 629 
635	331 561 681 718 783 838 843 926 953 960 982 
637	670 721 727 751 812 828 847 
339	909 946 956 962 963 971 979 
340	476 615 820 895 975 990 
341	783 810 814 886 926 953 982 
455	497 612 623 745 779 786 793 906 
346	765 808 844 892 918 
401	536 740 917 951 966 977 
347	908 933 941 943 950 1000 
348	866 
349	
350	646 698 729 758 833 890 894 
698	350 571 646 729 758 833 890 894 
351	
354	659 691 722 747 923 975 
676	501 764 896 
683	674 809 852 875 909 946 956 962 963 971 979 
415	696 722 749 905 975 990 
362	485 645 710 773 777 
363	669 881 907 912 987 997 
449	867 881 885 907 987 997 
796	423 439 478 595 597 660 679 699 731 735 913 922 929 949 983 
370	585 593 658 790 
537	583 784 815 830 834 845 921 942 
372	420 503 
416	372 
374	475 519 625 750 752 780 
453	379 471 700 823 917 951 966 977 
380	626 784 815 830 845 921 942 
626	380 388 466 784 815 830 834 845 921 942 
382	595 660 735 922 929 949 983 
595	382 474 660 731 796 913 949 983 
467	385 573 643 788 839 932 980 
391	513 743 824 925 954 970 999 
466	626 784 815 834 845 921 942 
597	492 679 699 731 796 913 922 929 949 983 
395	715 792 804 884 919 938 961 
396	
817	399 601 618 757 771 836 857 888 898 899 916 
654	
583	409 498 537 784 815 830 834 845 921 942 
694	778 800 877 908 933 937 941 943 945 950 969 1000 
407	776 816 928 930 981 989 993 
776	407 592 689 816 928 930 981 989 993 
410	883 900 926 935 953 960 982 
573	467 643 723 788 855 862 932 980 
421	837 842 864 871 878 893 924 
842	421 510 558 577 708 748 806 837 864 871 878 893 924 
704	513 530 695 705 759 770 824 876 925 954 970 999 
440	535 567 755 802 821 958 
518	852 875 909 946 956 962 963 971 979 
434	616 726 
436	460 482 717 754 764 896 
539	
437	819 859 934 952 973 984 988 
489	439 735 791 913 922 949 983 
546	439 660 735 922 929 949 983 
446	653 656 831 867 912 987 997 
447	863 
631	655 702 741 795 826 868 915 955 978 998 
497	455 623 779 786 793 906 
612	455 504 623 745 779 786 793 906 
456	512 589 630 787 903 948 
459	538 801 867 885 907 987 997 
648	533 569 697 714 740 823 917 951 966 977 
462	477 599 692 725 880 911 936 
465	728 819 874 934 952 984 988 
682	470 526 719 733 744 794 891 939 940 
473	810 814 838 843 883 900 960 982 
474	595 660 735 913 922 929 949 983 
610	624 666 739 768 846 882 901 965 995 
494	877 908 933 941 943 950 969 1000 
495	
506	560 681 718 783 843 953 960 982 
681	506 635 760 783 810 883 886 935 953 960 982 
875	518 528 617 662 674 683 809 852 909 946 956 962 963 971 979 
805	833 890 894 
525	702 741 795 826 868 915 955 978 998 
661	530 695 734 770 824 849 876 925 954 970 999 
552	713 803 
674	683 809 852 875 909 946 956 962 963 971 979 
547	705 734 876 925 954 970 999 
594	550 563 787 827 887 903 948 
558	748 806 837 842 864 871 878 893 924 
748	558 577 708 806 837 842 864 871 878 893 924 
655	631 702 741 795 826 868 915 955 978 998 
571	646 698 729 758 833 890 894 
577	748 806 837 842 864 871 878 893 924 
737	778 800 877 908 933 937 941 943 945 950 969 1000 
592	689 776 816 928 930 981 989 993 
689	592 776 816 928 930 981 989 993 
601	618 757 771 817 836 857 888 898 899 916 
618	601 757 771 817 836 857 888 898 899 916 
757	601 618 771 817 836 857 888 898 899 916 
690	
617	809 852 875 909 946 956 962 963 971 979 
