1	354 420 576 
354	1 99 351 364 584 
371	422 578 599 607 621 732 735 
420	1 351 364 576 584 
576	1 39 57 231 351 420 584 
612	54 58 159 218 
901	1 231 354 364 420 576 584 
912	199 313 435 513 590 645 768 781 867 915 920 922 951 952 962 978 989 993 999 
2	577 653 
577	2 74 473 653 
653	2 74 248 473 577 
731	156 270 411 461 522 634 650 713 863 938 
741	324 361 446 512 525 706 744 887 900 916 926 936 958 980 
947	13 209 362 398 492 510 517 547 571 641 649 652 685 717 750 792 807 818 819 854 995 
968	2 74 248 473 577 653 
981	2 45 52 74 110 169 187 248 306 473 475 493 577 653 826 
3	670 793 810 827 
251	837 844 918 937 957 967 
670	3 356 399 500 514 764 793 827 
793	3 25 190 356 399 418 500 514 588 670 764 810 827 
810	3 25 190 228 356 399 418 500 588 764 793 827 
827	3 25 190 228 356 399 418 500 514 588 670 764 793 810 
979	9 55 104 403 485 543 596 622 917 
980	18 98 141 253 324 338 344 361 512 516 525 706 718 741 744 775 842 858 878 887 900 916 926 936 958 
4	898 905 956 963 965 
562	192 217 395 407 586 
651	68 185 318 441 689 817 888 925 990 
898	4 241 370 520 699 726 777 800 876 880 890 905 956 963 965 
905	4 241 343 386 523 567 625 668 699 726 777 831 876 880 890 898 956 963 965 
956	4 206 241 292 343 370 386 520 523 567 699 726 777 800 831 876 880 890 898 905 963 965 
963	4 206 292 343 370 386 520 523 567 625 668 699 726 777 800 831 876 890 898 905 956 965 
965	4 206 241 292 343 386 520 523 567 625 668 699 726 777 800 831 876 880 890 898 905 956 963 
5	719 783 864 871 930 
568	530 633 701 716 817 861 896 925 990 
698	80 309 378 449 471 528 556 580 736 
719	5 249 387 465 783 823 824 846 871 872 927 930 
783	5 249 389 705 719 823 824 846 862 864 871 872 927 930 
864	5 249 389 465 507 558 705 783 823 824 846 862 871 872 927 930 
871	5 90 389 465 474 507 705 719 783 823 824 846 862 864 872 927 930 
930	5 90 249 387 389 465 507 558 705 719 783 823 824 846 862 864 871 872 927 
6	155 194 225 240 
155	6 37 171 225 240 
194	6 171 225 240 
225	6 155 171 194 240 
240	6 37 155 194 225 
405	686 837 892 918 948 957 967 
604	6 155 171 
855	678 709 733 799 814 836 893 903 944 946 959 971 974 975 988 994 996 
7	724 755 914 982 
675	183 402 626 692 751 779 797 909 
714	89 280 454 502 540 655 667 680 704 
724	287 743 755 765 829 847 859 914 934 940 977 982 
755	56 573 724 743 765 801 829 914 969 977 982 
914	7 315 348 480 483 495 526 573 615 618 635 646 724 755 801 815 859 891 934 940 969 977 982 
928	46 374 404 466 569 752 895 908 
982	7 56 287 315 323 348 469 480 483 495 526 573 618 636 724 743 755 765 801 829 847 852 859 891 914 934 940 969 977 
8	121 692 751 797 909 
121	8 763 797 909 
692	8 402 626 675 751 763 779 797 909 
751	8 401 626 675 692 763 779 797 909 
797	8 121 385 401 402 626 675 692 751 763 779 909 
826	45 52 187 306 475 493 981 
909	8 121 183 385 401 402 626 675 692 751 763 779 797 
938	29 35 93 103 118 156 161 270 307 411 430 461 490 496 522 634 650 713 731 767 863 
9	543 596 622 
543	9 55 403 485 596 622 
596	9 55 104 403 485 543 622 
622	9 55 104 403 485 543 596 
800	292 520 523 567 625 699 726 831 876 880 890 898 956 963 965 
917	9 104 403 485 543 596 622 979 
991	77 117 160 232 273 519 
10	334 694 774 795 816 
334	10 384 602 774 795 816 
455	60 154 230 415 439 468 
666	366 426 438 
694	10 288 294 330 375 384 518 602 774 795 816 
774	10 288 294 334 375 384 518 602 694 795 816 
795	10 288 294 330 334 375 384 518 602 694 774 816 
816	10 288 294 330 334 375 384 518 602 694 774 795 
11	682 811 884 886 897 
219	323 614 615 646 940 
682	11 252 400 410 527 712 739 811 897 
811	11 73 88 222 400 410 527 682 712 739 884 886 897 
884	11 73 88 124 222 252 350 410 419 433 527 712 739 811 886 897 
886	11 124 222 350 400 410 419 433 527 712 739 811 884 897 
897	11 88 124 222 252 350 400 410 419 433 527 682 712 739 811 884 886 
12	96 115 132 281 
96	12 115 132 281 
115	12 96 132 281 
132	12 96 115 281 
281	12 96 115 132 
756	682 811 884 886 
845	100 299 440 619 707 730 740 761 809 835 869 939 960 986 
13	981 
421	71 109 139 310 376 
808	627 643 715 778 840 841 874 904 932 933 941 942 972 992 998 1000 
943	44 209 235 295 362 501 506 517 649 652 717 750 792 807 819 854 995 
971	40 442 498 550 660 663 678 709 733 799 814 836 855 893 903 944 946 959 974 975 988 994 996 
994	40 42 146 170 442 498 550 660 663 678 709 733 799 814 836 855 893 903 944 946 959 971 974 975 988 996 
14	600 746 
236	147 457 613 637 710 
600	26 31 64 372 
746	31 79 372 600 805 
957	49 112 157 251 405 450 563 671 681 686 703 711 721 837 844 866 870 892 918 937 948 967 
15	268 466 752 895 908 
268	15 212 752 758 895 908 
466	15 404 428 758 895 908 
752	15 46 150 173 182 268 342 396 569 758 895 908 
895	15 46 150 173 182 212 268 333 342 374 396 404 428 466 491 569 752 758 908 
908	15 46 150 173 182 212 268 333 342 374 396 404 428 466 491 569 752 758 895 
925	68 244 257 289 441 460 462 499 509 530 534 545 568 628 633 651 689 701 747 849 861 888 896 990 
16	524 529 787 806 812 
414	305 423 593 638 754 850 865 
524	16 347 380 482 647 787 806 812 
529	16 51 188 380 482 647 787 806 812 
787	16 51 347 355 380 394 451 482 484 524 529 608 647 806 812 
806	16 51 188 347 355 380 394 451 482 484 524 529 608 647 787 812 
812	16 188 347 355 380 394 451 482 484 524 529 608 647 787 806 
857	91 367 536 616 760 769 786 828 856 860 889 899 902 973 984 985 997 
17	47 116 349 366 438 
47	17 349 366 426 438 
116	17 349 366 426 438 
349	17 47 116 366 426 438 
366	17 47 116 349 426 438 
438	17 47 116 349 366 426 666 
750	571 676 717 807 819 943 947 995 
844	112 251 671 681 686 703 721 866 892 918 937 948 957 967 
18	900 936 958 980 
634	103 156 461 496 731 767 863 938 
900	18 290 446 512 706 718 741 744 775 842 858 878 887 916 926 936 958 980 
936	18 141 208 253 324 331 338 361 446 512 516 706 718 741 744 775 878 887 900 916 926 958 980 
958	18 98 141 253 290 324 331 338 361 516 525 718 741 744 775 842 878 887 900 916 926 936 980 
972	122 214 352 432 579 591 597 603 610 627 643 715 737 778 808 840 841 874 904 932 933 941 942 992 998 1000 
998	122 214 271 352 432 579 591 597 603 610 627 643 715 737 778 808 840 841 874 904 932 933 941 942 972 992 1000 
19	27 97 308 322 
27	19 97 308 322 
97	19 27 308 322 
181	
308	19 27 97 322 
322	19 27 97 308 
967	49 112 251 254 262 405 450 563 671 681 703 711 721 837 844 866 870 892 918 937 948 957 
20	449 471 528 580 736 
449	20 309 378 471 556 580 698 736 
471	20 80 378 449 556 580 698 736 
528	20 80 309 378 556 580 698 736 
580	20 309 378 449 471 528 556 698 736 
736	20 80 309 378 449 471 528 556 580 698 
837	49 251 405 450 686 703 711 866 870 892 918 937 948 957 967 
21	920 952 978 993 
640	134 142 443 546 657 669 759 839 
875	114 153 168 174 263 379 535 551 589 696 780 796 821 881 935 945 950 
896	68 152 257 328 406 460 462 499 509 568 633 701 747 817 833 861 888 925 990 
920	21 204 296 319 383 513 590 645 687 768 781 867 885 912 915 922 951 952 962 978 989 993 999 
952	21 143 204 207 282 383 435 590 645 687 768 773 781 867 885 912 915 920 922 951 962 978 989 993 999 
978	21 143 204 282 296 313 319 369 383 590 687 768 773 867 885 912 915 920 922 951 952 962 989 993 999 
993	21 67 129 143 162 199 259 282 296 313 319 369 383 513 590 687 768 773 781 867 885 912 915 920 922 951 952 962 978 989 999 
22	796 881 935 945 950 
765	483 636 724 755 815 847 859 891 934 940 969 977 982 
796	22 535 551 572 589 690 696 780 821 875 881 935 945 950 
881	22 62 127 153 167 263 479 535 551 572 690 696 780 796 821 875 935 945 950 
935	22 62 114 127 167 168 174 263 379 479 551 572 589 690 696 780 796 821 875 881 945 950 
945	22 62 114 127 153 168 174 263 379 479 535 551 572 589 690 696 780 796 821 875 881 935 950 
950	22 62 114 127 153 167 168 174 263 479 535 551 572 589 690 696 780 796 821 875 881 935 945 
23	
456	102 305 470 638 673 850 865 
931	105 184 357 409 488 531 585 648 672 684 725 738 794 848 877 883 906 913 929 955 
964	192 217 395 407 562 586 629 
973	195 213 274 297 301 390 397 489 504 536 564 616 665 760 769 786 828 856 857 860 889 899 902 984 985 997 
997	23 91 195 213 274 297 301 367 390 397 504 536 564 616 665 760 769 786 828 856 857 860 889 899 902 973 984 985 
24	66 128 166 298 314 
66	24 163 166 298 314 
128	24 163 166 298 314 
166	24 66 128 163 298 314 
298	24 66 128 163 166 314 
314	24 66 128 163 166 298 
650	118 307 411 430 461 522 713 731 863 938 
801	469 635 743 755 788 815 829 852 859 914 934 969 977 982 
25	418 764 793 810 827 
418	25 588 764 793 810 827 
749	172 205 300 332 360 377 392 559 728 734 822 843 
764	25 190 228 399 418 500 514 588 670 793 810 827 
992	122 214 271 352 432 579 591 597 603 610 627 643 715 737 778 808 840 841 874 904 932 933 941 942 972 998 1000 
26	31 372 600 
31	26 372 600 
297	899 902 973 984 985 997 
372	26 31 64 79 600 
394	380 451 482 484 787 806 812 
683	139 310 376 421 
805	26 27 31 64 79 97 308 322 600 746 
586	192 217 395 407 562 629 
880	241 370 386 520 523 567 699 726 777 800 831 876 890 898 905 956 965 
28	200 242 582 
200	28 65 130 476 
242	28 65 107 582 
243	63 179 250 265 283 
505	115 281 
582	28 65 85 107 130 242 476 
799	814 836 855 893 903 944 946 959 971 974 975 988 994 996 
802	28 107 149 476 582 970 
29	270 461 767 938 
270	29 35 93 461 731 938 
461	29 270 634 650 731 767 863 938 
715	737 808 840 841 874 904 932 933 942 972 992 998 1000 
767	29 93 161 307 430 461 490 634 863 938 
904	579 591 597 610 627 643 715 737 778 808 840 841 874 932 933 941 942 972 992 998 1000 
907	398 652 685 717 750 807 943 995 
30	424 445 566 587 658 
424	30 220 258 312 358 662 
445	30 258 434 566 587 658 662 
522	35 490 650 713 731 938 
566	30 258 358 445 587 658 662 
587	30 312 358 434 445 566 658 662 697 
658	30 220 258 358 434 445 566 587 662 
193	176 186 537 617 693 700 
362	641 649 943 947 995 
32	175 745 953 
175	32 108 302 745 953 
410	400 433 682 811 884 886 897 
611	189 321 578 599 607 621 702 732 735 
745	32 81 108 175 302 953 
838	32 272 745 953 983 
953	32 81 108 119 175 302 745 983 
983	32 81 108 119 175 302 745 838 910 953 
33	685 792 819 995 
176	193 537 617 674 693 700 
685	33 492 517 583 652 792 818 854 947 995 
792	33 398 676 685 717 807 818 854 943 947 995 
819	33 393 649 717 750 818 854 943 947 995 
995	33 92 209 362 398 492 501 506 510 517 547 571 641 649 676 685 750 792 807 818 819 854 943 947 961 
34	648 848 877 913 929 955 
648	34 725 794 848 877 883 913 929 931 955 
848	34 488 531 585 648 672 725 738 794 877 883 906 913 929 931 955 
877	34 86 95 105 184 531 648 672 725 738 794 848 883 906 913 929 931 955 
913	34 86 184 210 357 409 488 648 672 684 725 738 794 848 877 883 906 929 931 955 
929	34 86 95 210 237 488 531 585 648 672 684 725 738 794 848 877 883 906 913 931 955 
941	271 352 579 591 597 603 610 627 643 737 778 808 840 841 874 904 932 933 942 972 992 998 1000 
955	34 86 95 105 184 210 237 357 409 488 585 648 672 684 725 738 794 848 877 883 906 913 929 931 
35	270 430 522 938 
430	35 650 713 767 863 938 
984	91 195 213 274 297 301 367 390 397 489 504 536 564 616 665 760 769 786 828 856 857 860 889 899 902 973 985 997 
36	689 833 861 990 
592	201 267 431 458 548 722 776 868 882 
689	36 289 534 628 651 817 833 849 861 888 925 990 
708	381 486 561 632 727 
833	36 318 406 530 545 628 633 689 701 747 817 849 861 888 896 990 
861	36 185 289 460 509 545 568 628 689 701 817 833 849 888 896 925 990 
990	36 152 185 244 318 328 340 406 460 462 499 509 534 545 568 628 651 689 701 716 747 817 833 849 861 888 896 925 
37	155 171 194 240 
171	37 155 194 225 
228	500 588 764 810 827 
740	336 345 440 508 677 730 809 835 845 869 939 960 986 
38	76 136 211 316 
76	38 69 211 316 
136	38 69 211 316 
199	369 912 915 989 993 999 
211	38 76 136 316 
316	38 69 76 136 211 
966	38 69 76 136 211 316 
39	364 576 584 
364	39 57 138 354 420 
494	39 138 576 
584	39 57 99 231 351 354 420 576 
804	278 377 413 559 734 822 
951	67 207 282 296 435 513 590 645 687 768 773 781 867 912 915 920 922 952 962 978 989 993 999 
40	971 975 988 994 996 
81	302 745 
969	56 285 315 320 348 480 495 573 614 618 635 636 639 646 755 765 788 801 815 852 859 891 914 934 940 977 982 
975	40 146 170 442 498 550 660 663 678 709 733 799 814 836 855 893 903 944 946 959 971 974 988 994 996 
988	40 42 146 170 442 498 550 660 663 678 709 733 799 814 836 855 893 903 944 946 959 971 974 975 994 996 
996	40 42 146 170 442 498 550 660 663 678 709 733 799 814 836 855 893 903 944 946 959 971 974 975 988 994 
41	486 561 606 632 727 
112	844 892 937 957 967 
486	41 561 565 601 606 727 791 
561	41 486 601 606 727 791 
606	41 78 381 486 561 565 727 791 
632	41 78 84 381 565 601 727 791 
727	41 381 486 561 565 601 606 632 791 
42	944 959 974 988 994 996 
944	42 442 498 550 660 663 678 709 733 799 814 836 855 893 903 946 959 971 974 975 988 994 996 
959	42 442 498 550 660 663 678 709 733 799 814 836 855 893 903 944 946 971 974 975 988 994 996 
974	42 146 170 498 550 660 663 678 709 733 799 814 836 855 893 903 944 946 959 971 975 988 994 996 
43	111 113 224 226 239 
68	509 651 716 896 925 
111	43 224 226 227 239 
113	43 224 226 227 239 
224	43 111 113 226 227 239 
226	43 111 113 224 227 239 
239	43 111 113 224 226 227 
581	562 586 964 
44	583 807 854 943 
583	44 393 398 571 685 807 854 
807	44 235 506 583 676 750 792 818 854 943 947 995 
854	44 92 209 510 583 641 652 685 792 807 818 819 921 943 947 995 
891	56 317 320 348 480 483 495 614 639 743 765 815 847 852 859 914 940 969 977 982 
45	110 306 475 
110	45 52 169 493 
216	202 503 555 570 624 
306	45 187 475 981 
467	196 275 279 346 557 
475	45 52 169 306 493 
46	569 752 895 908 
569	46 182 374 396 491 752 758 895 908 
426	47 116 349 366 438 
468	50 60 154 230 415 439 455 
48	148 431 481 722 882 
148	48 868 882 
431	48 592 722 776 868 882 
470	255 456 593 673 754 850 865 
481	48 548 691 722 776 868 882 
722	48 197 431 437 481 592 691 776 868 882 
882	48 61 148 197 201 267 431 437 458 481 548 592 691 722 776 868 
49	837 918 948 957 967 
271	941 942 992 998 1000 
918	49 157 251 405 450 563 671 681 703 711 721 837 844 866 870 892 948 957 967 
948	49 157 254 262 405 450 563 671 681 711 721 837 844 866 870 892 918 937 957 967 
50	154 415 439 468 
154	50 60 439 455 468 
415	50 60 230 439 455 468 
439	50 60 154 230 415 455 468 
673	158 337 456 464 470 598 754 850 865 
879	50 154 230 415 439 455 468 
51	529 608 647 787 806 
599	189 321 371 607 611 621 732 735 
608	51 347 451 482 484 647 787 806 812 
647	51 355 451 524 529 608 787 806 812 
863	93 118 156 161 307 411 430 461 634 650 713 731 767 938 
52	110 475 
208	331 706 775 916 936 
789	52 169 475 493 981 
53	135 238 427 
135	53 238 260 427 
165	53 260 427 
238	53 135 260 427 
427	53 135 165 238 260 
537	176 193 368 617 623 674 693 700 
924	53 135 165 220 238 260 312 358 424 427 434 445 566 658 697 
54	58 218 
58	54 159 218 748 
218	54 58 
661	54 159 218 748 
748	54 58 159 218 
55	485 543 596 622 
485	55 104 403 543 596 622 
623	101 186 247 368 537 617 674 693 700 
763	121 183 385 401 402 626 692 751 779 797 909 
56	755 891 969 977 982 
386	777 876 880 905 956 963 965 
977	56 285 287 317 320 323 469 495 573 615 636 639 646 724 743 755 765 788 801 815 829 847 859 891 914 934 940 969 982 
1000	122 214 271 352 432 579 591 597 603 610 627 643 715 737 778 808 840 841 874 904 932 933 941 942 972 992 998 
57	138 231 364 576 584 
74	577 653 981 
138	57 99 351 364 
231	57 99 576 584 
159	58 218 
59	679 742 820 
567	206 800 831 880 905 956 963 965 
679	59 123 126 245 444 742 782 820 
723	71 310 376 421 
742	59 123 125 126 245 444 659 679 820 
820	59 123 125 126 245 444 659 679 742 
986	82 87 100 234 299 329 336 345 353 388 440 508 532 553 619 677 707 730 740 761 809 835 845 869 939 960 
60	154 415 439 455 468 
300	205 392 574 749 822 843 
61	267 776 882 
70	757 762 784 834 
80	471 528 556 698 736 
267	61 592 691 868 882 
776	61 197 201 431 437 458 481 548 592 691 722 868 882 
970	65 85 107 130 149 242 476 582 802 
62	780 881 935 945 950 
484	347 355 394 608 787 806 812 
780	62 174 379 479 551 572 589 690 796 875 881 935 945 950 
63	179 243 250 265 283 
179	63 243 250 265 283 
250	63 179 243 283 
265	63 179 243 283 
283	63 179 243 250 265 
989	67 129 143 199 207 282 313 319 435 513 645 687 768 773 781 867 885 912 915 920 922 951 952 962 978 993 999 
64	79 372 600 
79	64 372 
641	362 492 510 676 854 947 995 
65	200 242 476 582 970 
443	546 554 640 657 669 839 
476	65 85 130 200 582 
163	66 128 166 298 314 
170	974 975 988 994 996 
67	915 951 989 993 999 
894	83 145 293 382 448 830 
915	67 199 296 313 513 590 645 687 773 781 885 912 920 922 951 952 962 978 989 993 999 
999	67 129 143 162 199 204 207 259 282 296 313 369 383 435 513 590 768 773 867 885 912 915 920 922 951 952 962 978 989 993 
509	68 716 849 861 888 896 925 990 
716	68 152 499 509 545 568 628 633 747 817 849 888 990 
69	76 136 316 
558	823 824 846 862 864 872 927 930 
757	70 246 284 416 477 533 664 729 762 784 834 
762	70 72 284 335 416 533 664 729 757 784 834 
784	70 72 203 284 335 416 477 533 664 729 757 762 834 
834	70 72 203 246 284 335 416 477 533 664 729 757 762 784 
911	70 246 664 729 757 762 834 
71	139 310 376 421 
139	71 310 376 421 
310	71 139 376 421 
376	71 139 310 421 723 
637	147 178 236 256 261 363 613 644 710 
72	335 477 762 784 834 
335	72 246 533 762 784 834 
477	72 177 203 664 729 757 784 834 
620	
687	162 885 915 920 922 951 952 962 978 989 993 
73	712 739 811 884 
448	83 145 293 382 
712	73 124 252 350 419 682 811 884 886 897 
730	299 353 532 619 740 809 835 845 869 939 960 986 
739	73 88 350 400 419 527 682 811 884 886 897 
923	675 692 751 763 779 909 
274	760 889 973 984 985 997 
441	499 534 651 701 888 925 
75	144 223 327 
144	75 266 327 
223	75 266 
327	75 144 266 991 
939	87 100 234 299 329 336 345 388 440 508 532 619 677 707 730 740 761 809 835 845 869 960 986 
976	203 246 335 416 664 729 757 762 784 834 
531	409 672 848 877 883 906 929 931 
873	172 300 392 734 749 822 843 
77	160 232 519 
160	77 117 232 519 
232	77 160 273 519 
519	77 117 160 232 273 802 991 
732	189 321 371 422 425 578 599 607 611 621 702 735 
78	381 601 606 632 791 
100	707 845 939 960 986 
381	78 565 606 632 727 791 
601	78 84 486 561 565 632 727 791 
713	103 118 161 430 490 496 522 650 731 863 938 
791	78 84 381 486 561 565 601 606 632 727 
556	80 309 449 471 528 580 698 736 
842	290 324 331 512 706 744 775 858 878 887 900 916 958 980 
302	81 175 272 745 953 
778	591 737 808 840 841 874 904 932 933 941 942 972 992 998 1000 
910	81 108 119 272 352 542 745 
82	353 809 869 960 986 
320	469 852 891 940 969 977 
353	82 388 730 809 960 986 
809	82 353 388 532 553 619 677 707 730 740 845 869 939 960 986 
869	82 87 234 329 345 388 553 619 707 730 740 761 809 835 845 939 960 986 
960	82 87 100 234 299 329 345 353 388 440 508 532 553 619 677 707 730 740 761 809 835 845 869 939 986 
83	293 382 448 
293	83 145 382 448 
382	83 145 293 448 
84	565 601 632 791 
344	706 858 878 887 926 980 
565	84 381 486 601 606 632 727 791 
851	84 561 565 601 632 791 
85	107 149 476 582 
107	85 242 582 
149	85 130 
695	
916	141 208 290 331 446 516 706 718 741 775 842 878 887 900 926 936 958 980 
86	877 913 929 955 
759	142 198 269 286 546 554 640 657 669 839 
87	677 869 939 960 986 
102	423 456 593 865 
677	87 234 329 508 740 761 809 835 939 960 986 
876	206 370 386 523 625 668 699 726 777 800 831 880 890 898 905 956 963 965 
88	433 739 811 884 897 
433	88 350 410 884 886 897 
89	655 667 680 704 714 
615	219 285 315 483 788 815 852 914 934 977 
655	89 280 463 502 540 667 704 714 
667	89 280 454 463 502 540 655 680 704 714 
680	89 280 454 463 502 540 605 667 704 714 
704	89 454 502 540 655 667 680 714 
90	862 871 872 927 930 
862	90 465 507 558 705 783 823 824 846 864 871 872 927 930 
872	90 387 474 507 558 705 719 783 823 824 846 862 864 871 927 930 
927	90 249 387 389 465 474 507 558 705 719 783 823 824 846 862 864 871 872 930 
91	857 860 984 985 997 
151	264 472 
860	91 213 367 397 504 564 786 828 856 857 899 902 973 984 985 997 
985	91 195 202 213 274 297 301 367 390 397 489 504 536 564 616 665 760 769 786 828 856 857 860 889 899 902 973 983 984 997 
92	506 571 676 854 995 
506	92 393 807 943 995 
571	92 517 583 717 750 947 995 
676	92 517 641 649 717 750 792 807 995 
769	504 536 760 786 828 856 857 899 902 973 984 985 997 
93	270 767 863 938 
206	567 876 956 963 965 
307	93 490 650 767 863 938 
94	770 803 813 832 853 
363	147 221 261 613 637 644 
527	419 682 739 811 884 886 897 
770	94 191 341 365 429 459 539 544 803 813 832 853 
803	94 191 341 365 429 459 539 544 770 813 832 853 
813	94 120 191 341 365 429 459 539 544 770 803 832 853 
832	94 120 191 341 365 429 459 539 544 770 803 813 853 
853	94 120 191 341 365 429 459 539 544 770 803 813 832 
95	877 883 906 929 955 
798	125 444 659 742 820 
883	95 357 409 488 531 585 648 672 684 725 738 794 848 877 906 913 929 931 955 
906	95 210 237 357 409 488 531 585 672 684 725 738 794 848 877 883 913 929 931 955 
693	101 176 186 193 247 368 537 617 623 674 700 
878	344 361 446 512 718 775 842 858 887 900 916 926 936 958 980 
98	858 926 958 980 
328	406 545 849 888 896 990 
858	98 344 512 516 525 718 744 775 842 878 887 900 926 980 
926	98 253 324 331 338 344 446 516 706 718 741 744 775 858 878 887 900 916 936 958 980 
99	138 231 354 584 
319	867 885 920 962 978 989 993 
707	100 299 336 440 532 809 835 845 869 939 960 986 
101	623 674 693 700 
674	101 176 186 247 368 537 617 623 693 700 
700	101 176 186 193 247 368 537 617 623 674 693 
423	102 337 414 638 754 850 865 
593	102 158 414 447 470 598 754 850 865 
865	102 255 337 414 423 447 456 464 470 593 598 638 673 754 850 
987	198 286 546 554 640 657 669 759 766 839 
103	161 490 634 713 938 
161	103 713 767 863 938 
490	103 307 496 522 713 767 938 
597	840 904 932 933 941 942 972 992 998 1000 
104	485 596 622 
105	738 877 931 955 
628	460 633 689 716 747 833 861 925 990 
643	808 904 932 933 941 942 972 992 998 1000 
738	105 237 585 672 684 848 877 883 906 913 929 931 955 
106	408 487 511 521 549 
408	106 339 487 511 521 549 
487	106 339 408 511 521 549 
511	106 339 408 487 521 549 
521	106 339 408 487 511 549 
549	106 339 408 487 511 521 
737	715 778 840 841 904 932 933 941 942 972 992 998 1000 
946	550 660 663 678 709 733 799 814 836 855 893 903 944 959 971 974 975 988 994 996 
108	175 745 953 
847	526 573 614 639 646 724 743 765 788 815 829 859 891 934 940 977 982 
934	285 317 469 480 573 614 615 618 635 646 724 743 765 788 801 815 829 847 852 914 940 969 977 982 
109	376 421 
734	278 332 360 392 413 559 574 728 749 804 843 
843	172 205 278 300 332 360 377 392 413 559 574 728 734 749 822 
892	112 157 254 262 405 563 703 711 721 837 844 866 870 918 937 948 957 967 
169	110 187 475 493 981 
493	110 169 187 475 981 
516	446 525 858 887 916 926 936 958 980 
602	294 334 375 518 694 774 795 816 
227	111 113 224 226 239 
937	112 251 262 563 671 681 686 703 711 721 837 844 866 870 892 948 957 967 
289	340 499 689 861 925 
114	875 935 945 950 
404	150 333 396 466 895 908 
849	257 328 406 460 462 509 534 545 689 716 747 817 833 861 888 925 990 
868	148 197 201 267 431 437 458 481 548 592 691 722 776 882 
922	129 282 369 383 645 687 768 773 781 867 885 912 915 920 951 952 962 978 989 993 999 
117	160 273 519 
273	117 232 519 
398	583 792 947 995 
118	650 713 863 938 
164	503 541 570 624 
119	272 745 953 
272	119 302 745 
120	341 459 813 832 853 
341	120 539 770 803 813 832 853 
459	120 429 539 770 803 813 832 853 
489	760 856 889 899 902 973 984 985 
595	121 692 763 779 
122	972 992 998 1000 
207	951 952 962 989 999 
605	655 680 704 954 
123	659 679 742 820 
659	123 125 126 444 742 782 798 820 
124	712 884 886 897 
387	719 824 846 872 927 930 
688	363 457 637 644 
772	
125	659 742 820 
603	840 841 933 941 942 972 992 998 1000 
126	659 679 742 820 
744	253 331 525 718 741 842 858 887 900 926 936 958 980 
127	535 881 935 945 950 
497	511 521 549 
535	127 551 796 821 875 881 945 950 
183	385 675 763 779 909 
771	503 541 570 624 
129	922 989 993 999 
130	149 200 476 582 
508	532 553 677 740 761 835 939 960 986 
131	180 264 373 391 472 
180	131 373 391 472 
188	380 482 529 806 812 
264	131 151 373 391 472 
373	131 180 264 391 472 
391	131 180 264 373 472 790 
472	131 180 264 373 391 
290	141 842 887 900 916 958 
636	573 618 646 765 829 852 859 940 969 977 982 
133	601 791 
888	185 244 328 340 441 460 462 499 509 633 651 689 716 817 833 849 861 896 925 990 
134	286 554 640 669 839 
286	134 198 554 669 759 
554	134 198 269 286 443 669 759 839 
665	397 760 828 856 889 899 973 984 985 997 
669	134 142 198 269 286 443 546 554 640 657 759 839 
839	134 142 198 269 443 546 554 640 657 669 759 
229	233 276 552 609 
260	135 165 238 427 924 
836	709 733 799 814 855 893 903 944 946 959 971 974 975 988 994 996 
137	276 609 
276	137 229 552 609 
609	137 229 233 276 552 919 
664	416 477 533 729 757 762 784 834 
720	137 552 609 919 
919	137 229 233 276 436 552 609 949 
949	137 229 233 276 552 609 656 
351	138 354 420 576 584 804 
773	162 204 259 768 781 885 915 922 951 952 962 978 989 993 999 
887	290 344 361 516 706 718 741 744 775 842 858 878 900 916 926 936 958 980 
282	922 951 952 978 989 993 999 
140	813 832 853 
246	335 729 757 834 
141	290 916 936 958 980 
646	219 285 287 636 788 847 852 914 934 969 977 
142	640 657 669 759 839 
635	483 614 618 743 788 801 852 914 934 969 
657	142 269 443 546 640 669 759 839 
143	952 978 989 993 999 
530	340 568 633 701 747 833 925 
266	144 223 327 976 
870	157 450 671 681 686 703 711 721 837 866 892 918 937 948 957 967 
145	293 382 448 
545	328 633 716 747 833 849 861 925 990 
830	145 293 382 448 894 
146	974 975 988 994 996 
147	236 363 457 637 710 
296	915 920 951 978 993 999 
457	147 178 236 256 515 613 710 
710	147 178 221 236 256 261 457 515 613 637 644 
550	944 946 959 971 974 975 988 994 996 
766	443 657 759 839 987 
304	
775	208 361 525 842 858 878 887 900 916 926 936 958 980 
150	333 374 404 752 895 908 
333	150 342 404 758 895 908 
374	150 173 569 758 895 908 
384	330 334 694 774 795 816 
921	368 537 617 623 674 693 700 
152	289 701 716 896 990 
701	152 441 530 534 568 747 817 833 861 896 925 990 
824	387 389 474 507 558 705 719 783 846 862 864 871 872 927 930 
153	174 821 875 881 945 950 
174	153 780 875 935 945 950 
357	585 883 906 913 931 955 
821	153 379 479 535 551 572 690 696 796 875 881 935 945 950 
317	495 788 859 891 934 977 
157	866 870 892 918 948 957 
156	411 634 731 863 938 
359	257 628 833 
411	156 496 650 731 863 938 
866	157 254 262 681 703 711 721 837 844 870 892 918 937 948 957 967 
158	447 593 673 754 850 
365	539 544 770 803 813 832 853 
447	158 337 593 598 638 754 850 865 
754	158 305 337 414 423 447 464 470 593 598 673 865 
850	158 255 305 337 414 423 447 456 464 470 593 598 638 673 865 
230	415 439 455 468 
817	462 534 568 651 689 701 716 833 849 861 888 896 990 
162	687 773 781 962 993 999 
781	162 768 773 867 885 912 915 920 922 951 952 962 989 993 
962	162 207 259 313 319 369 435 513 590 687 768 773 781 867 885 912 915 920 922 951 952 978 989 993 999 
503	164 216 325 555 570 624 
541	164 202 325 555 570 624 
570	164 216 325 503 541 555 624 
624	164 202 216 325 503 541 555 570 
336	707 740 835 939 986 
436	
684	488 672 725 738 794 883 906 913 929 931 955 
902	195 213 297 301 390 489 536 564 760 769 786 828 856 857 860 889 899 973 984 985 997 
167	696 881 935 950 
578	277 371 425 607 611 702 732 735 
696	167 379 479 572 690 796 821 875 881 935 945 950 
168	589 690 875 935 945 950 
589	168 479 572 690 780 796 875 935 945 950 
690	168 589 696 780 796 821 881 935 945 950 
187	169 306 493 
656	233 552 609 949 
893	660 663 678 709 733 799 814 836 855 903 944 946 959 971 974 975 988 994 996 
172	413 559 749 822 843 
413	172 377 728 734 822 843 
559	172 278 377 574 734 749 804 822 843 
822	172 205 278 300 332 360 377 392 413 559 574 728 749 843 
173	374 428 752 895 908 
428	173 466 491 895 908 
564	828 856 860 889 902 973 984 985 997 
617	176 186 193 247 368 537 623 674 693 700 
831	370 567 625 699 726 777 800 876 880 890 905 956 963 965 
177	360 728 
360	574 728 734 749 822 843 
728	278 332 360 377 392 413 574 734 749 822 843 
178	221 457 515 637 644 710 
221	178 363 515 613 644 710 
515	178 221 256 261 457 613 644 710 
644	178 221 256 363 515 613 637 710 
840	597 603 715 737 778 808 841 874 904 932 933 941 942 972 992 998 1000 
753	179 250 265 283 
591	778 874 904 932 941 942 972 992 998 1000 
790	180 264 373 391 472 
378	449 471 528 580 698 736 
182	569 752 758 895 908 
758	182 212 268 333 342 374 396 466 491 569 752 895 908 
760	274 489 504 665 769 828 857 889 899 902 973 984 985 997 
385	183 626 763 779 797 909 
779	183 385 401 595 626 675 692 751 763 797 909 
184	794 877 913 931 955 
794	184 210 409 648 684 725 848 877 883 906 913 929 931 955 
185	318 651 861 888 990 
255	464 470 598 638 850 865 
318	185 499 651 747 833 990 
186	193 617 623 674 693 700 
269	554 657 669 759 839 
788	315 317 348 615 635 639 646 801 829 847 934 940 969 977 
380	188 394 524 529 787 806 812 
482	188 394 524 529 608 787 806 812 
942	214 271 579 591 597 603 610 627 643 715 737 778 808 840 841 874 904 932 933 941 972 992 998 1000 
189	425 599 611 702 732 735 
425	189 578 702 732 735 
702	189 321 422 425 578 607 611 621 732 735 
725	585 648 684 794 848 877 883 906 913 929 931 955 
735	189 321 371 425 578 599 607 611 621 702 732 
190	399 514 764 793 810 827 
301	899 902 973 984 985 997 
399	190 500 670 764 793 810 827 
514	190 356 670 764 793 827 
961	625 668 777 831 898 905 956 963 965 
191	770 803 813 832 853 
245	191 679 742 820 
192	395 407 562 586 
395	192 217 407 562 586 629 
407	192 217 395 562 586 
867	319 369 383 435 645 781 885 912 920 922 951 952 962 978 989 993 999 
195	786 902 973 984 985 997 
465	719 846 862 864 871 927 930 
786	195 397 616 769 828 856 857 860 889 899 902 973 984 985 997 
196	275 279 346 467 557 
275	196 279 346 467 557 
279	196 275 346 467 557 
346	196 275 279 467 557 
368	537 617 623 674 693 700 
557	196 275 279 346 467 
197	458 691 722 776 868 882 
458	197 592 691 776 868 882 
691	197 201 267 437 458 481 722 776 868 882 
890	292 343 523 625 668 699 726 777 800 831 876 880 898 905 956 963 965 
198	286 554 669 759 839 
257	340 
369	199 867 922 962 978 993 999 
201	437 592 691 776 868 882 
437	201 548 691 722 776 868 882 
202	216 541 555 624 
555	202 216 325 503 541 570 624 
672	531 684 738 848 877 883 906 913 929 931 955 
815	285 495 615 639 765 801 829 847 859 891 914 934 969 977 
203	477 533 784 834 
339	408 487 511 521 549 
533	203 284 335 664 729 757 762 784 834 
204	773 885 920 952 978 999 
885	204 259 319 513 590 645 687 768 773 781 867 915 920 922 952 962 978 989 993 999 
205	300 574 749 822 843 
574	205 300 332 360 559 728 734 822 843 
331	208 744 842 916 926 936 958 
706	208 338 344 741 842 887 900 916 926 936 980 
209	547 854 943 947 995 
403	485 543 596 622 
547	209 501 717 947 995 
210	794 906 913 929 955 
212	268 758 895 908 
491	212 428 569 758 895 908 
213	860 902 973 984 985 997 
642	638 673 850 865 
777	386 668 699 831 876 880 890 898 905 956 963 965 
214	933 942 972 992 998 1000 
933	214 352 432 579 597 603 610 643 715 737 778 808 840 841 874 904 932 941 942 972 992 998 1000 
215	
474	507 705 824 871 872 927 
217	395 407 562 586 
323	219 526 859 940 977 982 
397	665 786 860 973 984 985 997 
614	219 315 526 635 743 847 859 891 934 940 969 
940	219 287 320 323 469 480 483 526 614 618 636 639 724 765 788 847 852 859 891 914 934 969 977 982 
220	312 424 658 662 
312	220 258 424 587 662 
662	220 312 358 424 434 445 566 587 658 697 
681	254 563 686 721 844 866 870 918 937 948 957 967 
825	220 312 434 658 662 
613	221 236 261 363 457 515 637 644 710 
222	811 884 886 897 
654	373 391 472 
733	836 855 893 903 944 946 959 971 974 975 988 994 996 
252	682 712 884 897 
729	246 284 416 477 533 664 757 762 784 834 
478	
500	228 291 399 670 764 793 810 827 
588	228 356 418 764 793 810 827 
233	229 552 609 
552	229 233 276 609 
610	874 904 932 933 941 942 972 992 998 1000 
247	617 623 674 693 700 
345	740 761 869 939 960 986 
856	390 489 564 616 665 769 786 857 860 889 899 902 973 984 985 997 
234	619 677 869 939 960 986 
619	234 440 730 761 809 835 845 869 939 960 986 
903	660 663 678 709 733 799 814 836 855 893 944 946 959 971 974 975 988 994 996 
235	649 652 807 818 943 
512	253 741 842 858 878 900 936 980 
649	235 362 492 510 676 819 943 947 995 
652	235 510 685 818 854 943 947 
818	235 393 501 652 685 792 807 819 854 947 995 
348	788 829 891 914 969 982 
237	738 906 929 955 
697	238 260 427 924 
513	885 912 915 920 951 962 989 993 999 
241	668 880 898 905 956 965 
668	241 370 520 777 876 890 905 963 965 
743	495 614 618 635 724 755 801 847 859 891 934 977 982 
726	520 625 800 831 876 880 890 898 905 956 963 965 
244	441 633 888 925 990 
311	838 
633	244 462 530 545 568 628 716 833 888 896 925 
703	686 721 837 844 866 870 892 918 937 957 967 
785	245 659 742 820 
451	347 355 394 608 647 787 806 812 
248	473 577 653 981 
473	248 577 653 968 
249	719 783 823 864 927 930 
823	249 389 507 558 705 719 783 846 862 864 871 872 927 930 
253	512 744 926 936 958 980 
254	681 866 892 948 967 
590	885 912 915 920 951 952 962 978 993 999 
464	255 598 638 673 754 850 865 
598	255 447 464 593 638 673 754 850 865 
638	255 305 414 423 447 456 464 598 850 865 
256	457 515 637 644 710 
340	257 289 460 888 990 
258	312 424 445 566 658 
259	773 885 962 993 999 
645	768 867 885 912 915 920 922 951 952 989 
261	363 515 613 637 710 
262	450 671 866 892 937 948 967 
450	262 671 837 870 918 948 957 967 
671	262 450 686 844 870 918 937 948 957 967 
263	875 881 935 945 950 
768	645 773 781 885 912 920 922 951 952 962 978 989 993 999 
525	516 718 741 744 775 858 958 980 
889	274 367 390 489 504 564 616 665 760 786 828 856 857 899 902 973 984 985 997 
560	275 467 557 
277	
278	559 728 734 822 843 
954	454 463 502 540 605 655 667 704 
280	463 502 655 667 680 714 
463	280 454 540 655 667 680 
502	280 540 655 667 680 704 714 
402	626 675 692 763 797 909 
284	533 729 757 762 784 834 
546	443 640 657 669 759 839 
285	615 618 646 815 934 969 977 
618	285 526 635 636 743 859 914 934 940 969 982 
409	531 794 883 906 913 931 955 
287	639 646 724 940 977 982 
639	287 788 815 829 847 852 891 940 969 977 
288	330 518 694 774 795 816 
330	288 384 518 694 795 816 
518	288 294 330 602 694 774 795 816 
499	289 318 441 716 888 896 925 990 
291	
483	615 635 765 829 891 914 940 982 
292	567 800 890 956 963 965 
932	432 579 591 597 610 627 643 715 737 778 808 840 841 874 904 933 941 942 972 992 998 1000 
417	293 448 
294	518 602 694 774 795 816 
295	652 819 943 
899	297 301 489 504 536 616 665 760 769 786 828 856 857 860 889 902 973 984 985 997 
299	553 707 730 845 939 960 986 
553	299 440 508 761 809 869 960 986 
392	300 728 734 749 822 843 
303	
846	387 465 558 705 719 783 823 824 862 864 871 872 927 930 
305	414 456 638 754 850 
309	449 528 556 580 698 736 
313	912 915 962 978 989 993 999 
315	614 615 788 829 914 969 982 
829	315 348 469 483 636 639 724 755 788 801 815 847 859 934 977 982 
495	317 743 815 891 914 969 977 982 
594	606 727 791 
859	317 323 614 618 636 724 743 765 801 815 829 847 852 891 914 940 969 977 982 
686	405 671 681 703 711 721 837 844 870 937 957 
747	318 406 530 545 628 701 716 833 849 896 925 990 
625	726 800 831 876 890 905 963 965 
469	320 801 829 934 940 977 982 
852	320 480 526 573 615 635 636 639 646 801 859 891 934 940 969 982 
321	599 611 621 702 732 735 
621	321 371 422 599 607 611 702 732 735 
526	323 614 618 847 852 914 940 982 
324	741 842 926 936 958 980 
325	503 541 555 570 624 
326	
709	836 855 893 903 944 946 959 971 974 975 988 994 996 
406	328 462 747 833 849 896 990 
329	677 761 869 939 960 986 
761	329 345 508 532 553 619 677 835 845 869 939 960 986 
332	574 728 734 749 822 843 
717	510 547 571 676 750 792 819 943 947 
342	333 396 752 758 895 908 
835	336 388 508 619 677 707 730 740 761 845 869 939 960 986 
337	423 447 673 754 850 865 
338	706 926 936 958 980 
630	
460	340 628 849 861 888 896 925 990 
575	561 727 791 
539	341 365 459 544 770 803 813 832 853 
396	342 404 569 752 758 895 908 
343	699 890 905 956 963 965 
699	343 777 800 831 876 880 890 898 905 956 963 965 
347	451 484 524 608 787 806 812 
350	433 712 739 884 886 897 
352	933 941 972 992 998 1000 
388	353 809 835 869 939 960 986 
355	451 484 647 787 806 812 
356	514 588 670 793 810 827 
454	463 667 680 704 714 
585	357 725 738 848 883 906 929 931 955 
358	424 434 566 587 658 662 
434	358 445 587 658 662 
361	741 775 878 887 936 958 980 
479	589 696 780 821 881 935 945 950 
453	
544	365 429 539 770 803 813 832 853 
452	552 609 
367	857 860 889 984 985 997 
412	
370	668 831 876 880 898 956 963 
422	371 607 621 702 732 
607	371 422 578 599 611 621 702 732 735 
629	395 562 586 
375	602 694 774 795 816 
377	413 559 728 749 822 843 
379	696 780 821 875 935 945 
711	686 837 866 870 892 918 937 948 957 967 
510	641 649 652 717 854 947 995 
383	867 920 922 952 978 993 999 
480	852 891 914 934 940 969 982 
626	385 401 402 675 692 751 763 779 797 909 
389	783 823 824 864 871 927 930 
782	770 803 813 832 853 
390	856 889 902 973 984 985 997 
416	664 729 757 762 784 834 
705	474 783 823 824 846 862 864 871 872 927 930 
393	501 506 583 818 819 
501	393 547 818 943 995 
400	410 419 682 739 811 886 897 
419	400 527 712 739 884 886 897 
523	800 876 880 890 905 956 963 965 
401	626 751 763 779 797 909 
442	944 959 971 975 988 994 996 
462	406 633 817 849 888 896 925 990 
496	411 490 634 713 938 
721	563 681 686 703 844 866 870 892 918 937 948 957 967 
429	459 544 770 803 813 832 853 
432	874 932 933 972 992 998 1000 
874	432 591 610 627 715 778 808 840 841 904 932 933 941 942 972 992 998 1000 
435	867 912 951 952 962 989 999 
563	681 721 892 918 937 948 957 967 
548	437 481 592 776 868 882 
440	553 619 707 740 845 939 960 986 
534	441 689 701 817 849 925 990 
444	659 679 742 820 
538	546 657 839 
446	516 718 741 878 900 916 926 936 
718	446 525 744 858 878 887 900 916 926 936 958 980 
663	893 903 944 946 959 971 974 975 988 994 996 
841	603 627 715 737 778 808 840 874 904 932 933 941 942 972 992 998 1000 
540	463 502 655 667 680 704 714 
507	474 823 824 862 864 871 872 927 930 
492	641 649 685 947 995 
551	535 780 796 821 875 881 935 945 950 
536	769 857 899 902 973 984 985 997 
520	668 726 800 880 898 956 963 965 
488	684 848 883 906 913 929 931 955 
678	855 893 903 944 946 959 971 974 975 988 994 996 
498	944 959 971 974 975 988 994 996 
504	760 769 860 889 899 973 984 985 997 
532	508 707 730 761 809 939 960 986 
660	893 903 944 946 959 971 974 975 988 994 996 
517	571 676 685 943 947 995 
828	564 616 665 760 769 786 857 860 889 899 902 973 984 985 997 
542	745 983 
631	
572	589 696 780 796 821 881 935 945 950 
573	636 755 847 852 914 934 969 977 982 
579	904 932 933 941 942 972 992 998 1000 
616	786 828 856 857 889 899 973 984 985 997 
627	808 841 874 904 932 941 942 972 992 998 1000 
814	799 836 855 893 903 944 946 959 971 974 975 988 994 996 
