1	20 21 74 76 95 97 107 
2	118 
3	58 
4	68 
5	90 
6	61 95 100 111 117 119 122 
7	38 
8	3 54 63 93 99 111 120 
9	52 
10	54 
11	19 
12	35 
13	117 
14	77 
15	118 
16	54 
17	72 
18	24 
19	112 
20	106 
21	113 
22	54 
23	67 
24	11 68 93 96 118 119 123 
25	33 36 65 76 85 104 111 
26	114 
27	115 
28	15 22 27 66 77 79 83 
29	1 
30	1 56 64 71 83 108 111 
31	67 
32	13 25 63 74 97 108 109 
33	83 
34	22 
35	70 
36	98 
37	8 
38	21 
39	11 
40	28 
41	23 
42	74 
43	34 
44	37 40 94 99 113 118 123 
45	98 
46	115 
47	74 
48	3 
49	15 22 29 71 75 118 122 
50	92 
51	104 
52	94 
53	8 12 45 53 64 106 111 
54	7 76 81 85 108 114 119 
55	28 
56	56 
57	22 
58	37 
59	8 9 11 56 85 115 120 
60	31 
61	109 
62	3 20 28 83 93 108 121 
63	7 
64	76 
65	88 
66	63 
67	21 42 45 50 59 95 114 
68	25 
69	107 
70	19 
71	87 
72	11 
73	15 28 29 42 45 68 120 
74	18 43 45 53 63 88 107 
75	118 
76	32 
77	2 
78	86 
79	8 36 65 67 69 77 118 
80	23 
81	2 15 50 68 90 119 123 
82	35 40 42 111 112 119 124 
83	11 
84	6 13 20 64 108 121 124 
85	23 
86	11 
87	12 
88	83 
89	114 
90	124 
91	93 
92	44 
93	6 22 23 32 77 79 119 
94	52 
95	1 12 22 23 38 70 122 
96	45 
97	1 45 53 56 61 76 118 
98	54 
99	97 
100	118 
101	109 
102	78 
103	91 
104	85 
105	118 
106	46 
107	29 42 94 116 118 121 122 
108	114 
109	33 
110	11 
111	40 
112	28 
113	3 51 69 73 79 80 118 
114	64 
115	78 
116	60 
117	109 
118	74 
119	26 
120	103 
121	86 
122	31 
123	64 
124	19 76 79 93 94 100 111 
125	71 
126	1 22 33 68 90 118 122 
127	17 
128	7 11 24 28 40 77 122 
129	29 31 84 98 114 119 122 
130	50 
131	7 15 25 85 87 90 92 
132	35 
133	25 
134	51 
135	1 24 64 83 94 107 122 
136	62 
137	98 
138	114 
139	19 
140	35 45 46 58 94 102 124 
141	18 22 28 76 100 108 113 
142	10 
143	122 
144	27 
145	58 
146	11 
147	28 
148	28 43 45 63 68 94 97 
149	36 
150	43 
151	121 
152	11 12 45 90 101 116 119 
153	76 
154	53 
155	56 
156	113 
157	1 5 36 51 68 87 118 
158	89 
159	1 6 17 32 76 99 110 
160	19 21 35 53 64 93 107 
161	12 
162	111 
163	73 
164	112 
165	89 
166	3 15 19 22 29 68 82 
167	76 
168	101 
169	114 
170	47 
171	89 
172	78 
173	70 
174	19 
175	80 
176	36 
177	67 
178	121 
179	68 
180	7 
181	54 
182	104 
183	97 
184	5 6 7 11 18 95 111 
185	87 
186	19 25 32 55 57 59 83 
187	11 
188	68 
189	71 
190	110 
191	79 
192	19 23 43 63 74 84 93 
193	103 
194	18 25 56 62 69 83 99 
195	119 
196	50 
197	7 42 54 68 74 93 114 
198	17 
199	14 17 19 43 45 85 109 
200	123 
201	1 
202	1 23 28 44 70 78 103 
203	26 
204	101 
205	19 26 29 30 84 114 120 
206	19 22 41 42 45 51 70 
207	22 44 50 51 79 111 123 
208	57 
209	76 
210	97 
211	57 
212	68 
213	7 
214	14 
215	68 
216	22 28 34 54 97 115 120 
217	53 
218	104 
219	33 
220	94 
221	42 
222	72 
223	22 25 43 52 77 113 119 
224	30 
225	35 
226	18 36 51 52 85 114 122 
227	109 
228	4 6 17 25 56 97 119 
229	37 38 52 95 101 111 115 
230	35 43 85 93 94 106 109 
231	73 
232	10 25 51 52 54 63 69 
233	12 
234	19 33 45 63 77 114 121 
235	3 26 32 36 83 107 109 
236	85 
237	118 
238	23 30 74 92 94 105 111 
239	122 
240	1 10 41 47 56 97 106 
241	32 
242	24 
243	74 
244	28 
245	96 
246	22 
247	68 
248	92 
249	110 
250	37 
251	96 
252	52 
253	115 
254	9 22 23 28 55 84 85 
255	71 
256	106 
257	16 
258	34 
259	98 
260	118 
261	18 21 36 64 69 94 122 
262	54 
263	120 
264	35 
265	64 
266	30 
267	23 
268	1 3 56 63 108 115 123 
269	13 23 28 29 83 97 106 
270	15 
271	85 
272	36 44 45 63 79 82 119 
273	44 
274	22 
275	11 22 33 51 76 104 124 
276	43 
277	39 
278	26 
279	22 25 26 31 69 111 115 
280	48 
281	70 
282	30 42 54 64 65 98 111 
283	26 
284	62 
285	3 
286	94 
287	123 
288	115 
289	29 36 42 49 74 94 118 
290	74 
291	32 
292	19 44 47 50 67 83 93 
293	3 
294	101 
295	69 
296	80 
297	39 
298	2 7 12 23 45 53 78 
299	98 
300	77 
301	99 
302	19 23 46 58 107 110 115 
303	26 
304	4 18 45 51 69 97 109 
305	35 
306	86 
307	1 15 81 94 107 111 113 
308	116 
309	75 
310	49 
311	65 
312	74 
313	24 
314	45 
315	12 
316	85 
317	39 
318	13 
319	108 
320	25 33 50 54 56 97 101 
321	52 
322	22 
323	23 56 79 93 111 115 123 
324	90 
325	4 8 19 26 43 45 62 
326	88 
327	16 
328	2 
329	54 
330	48 
331	90 
332	54 
333	118 
334	7 25 46 49 77 93 122 
335	22 
336	84 
337	51 
338	5 20 30 46 63 86 90 
339	48 
340	88 
341	94 
342	5 8 35 43 65 100 122 
343	30 31 41 51 53 55 93 
344	124 
345	19 45 68 72 73 89 119 
346	108 
347	41 44 85 90 93 104 107 
348	11 
349	16 
350	83 
351	11 59 69 77 86 114 115 
352	61 
353	33 
354	15 42 44 50 81 90 93 
355	31 51 58 83 115 118 119 
356	37 
357	94 
358	7 45 51 62 68 100 114 
359	61 
360	13 43 47 50 51 114 122 
361	3 
362	111 
363	109 
364	22 
365	120 
366	23 47 69 74 83 108 122 
367	120 
368	38 
369	28 
370	90 
371	82 
372	11 
373	1 19 22 23 54 87 121 
374	21 
375	30 
376	76 
377	7 11 24 36 56 98 106 
378	8 
379	23 
380	29 
381	98 
382	102 
383	88 
384	109 
385	28 42 47 99 101 109 113 
386	68 
387	2 23 26 38 57 72 81 
388	17 22 94 97 100 115 118 
389	55 69 74 77 83 115 118 
390	121 
391	7 12 18 28 63 74 120 
392	1 
393	11 25 36 42 47 97 105 
394	119 
395	34 66 76 90 115 118 121 
396	14 28 56 74 98 109 118 
397	117 
398	11 15 32 43 50 51 124 
399	33 
400	114 
401	12 
402	122 
403	75 
404	85 
405	21 
406	38 
407	118 
408	18 25 26 56 80 102 103 
409	26 
410	61 
411	63 
412	3 6 8 32 97 104 118 
413	75 
414	26 
415	6 33 51 55 76 90 95 
416	23 
417	11 
418	22 
419	33 52 60 97 100 104 122 
420	7 
421	122 
422	20 
423	5 41 47 77 100 112 119 
424	3 
425	106 
426	74 
427	43 
428	10 18 49 78 84 91 97 
429	1 25 27 45 76 89 111 
430	109 
431	15 69 85 102 111 113 124 
432	23 34 54 69 76 107 111 
433	12 43 45 69 95 114 123 
434	11 
435	10 29 42 43 93 94 121 
436	1 26 34 45 76 87 124 
437	43 
438	50 
439	36 
440	22 30 35 36 50 74 106 
441	37 
442	84 
443	113 
444	8 15 23 29 36 78 109 
445	17 
446	23 
447	11 
448	68 
449	68 
450	55 
451	12 
452	50 
453	10 15 26 33 42 52 76 
454	11 
455	122 
456	79 
457	1 3 63 83 93 122 123 
458	124 
459	82 
460	22 43 47 61 68 96 114 
461	69 
462	85 
463	16 28 32 47 53 83 122 
464	4 
465	19 22 47 75 77 95 113 
466	6 11 47 60 100 115 118 
467	92 
468	76 
469	85 
470	124 
471	95 
472	18 
473	49 
474	24 
475	67 
476	42 
477	17 32 45 72 108 109 118 
478	33 
479	94 
480	19 69 110 113 119 120 124 
481	68 
482	73 
483	104 
484	23 
485	83 
486	112 
487	113 
488	9 10 23 60 99 114 123 
489	20 
490	21 
491	25 
492	22 
493	11 15 16 90 98 110 123 
494	11 18 45 65 68 99 104 
495	97 
496	8 26 40 44 54 77 101 
497	30 
498	41 50 69 74 77 94 119 
499	42 
500	7 10 43 45 103 106 119 
501	8 
502	51 
503	18 
504	112 
505	77 
506	87 
507	61 
508	36 63 74 94 101 104 122 
509	8 
510	36 
511	26 
512	4 
513	3 29 38 84 95 110 114 
514	14 51 55 58 76 90 123 
515	10 19 43 45 60 68 77 
516	119 
517	37 40 66 69 114 115 124 
518	38 68 85 93 104 119 120 
519	119 
520	62 
521	106 
522	1 14 25 45 47 56 68 
523	115 
524	79 
525	1 
526	95 
527	95 
528	7 9 50 54 77 94 122 
529	107 
530	49 
531	63 
532	11 
533	34 
534	100 
535	55 92 107 108 118 119 122 
536	49 
537	40 
538	47 
539	4 
540	28 
541	43 45 50 66 100 117 122 
542	95 
543	51 
544	33 
545	119 
546	42 
547	25 28 46 63 71 97 118 
548	124 
549	11 26 49 54 68 122 124 
550	10 26 49 58 59 104 123 
551	51 78 94 95 99 100 104 
552	7 
553	28 
554	109 
555	1 
556	30 
557	1 36 56 59 90 94 110 
558	43 
559	10 32 41 60 61 62 77 
560	109 
561	1 43 76 88 99 104 111 
562	22 
563	51 
564	94 
565	43 
566	95 
567	15 28 42 66 77 83 122 
568	113 
569	26 28 44 95 114 118 120 
570	3 47 56 63 95 101 108 
571	59 
572	25 
573	30 47 73 76 95 98 111 
574	74 
575	108 
576	54 
577	17 
578	50 
579	81 
580	44 
581	21 
582	2 3 47 60 69 97 100 
583	18 
584	12 21 38 47 63 77 122 
585	108 
586	99 
587	106 
588	62 
589	34 
590	14 24 28 42 66 82 115 
591	118 
592	10 
593	76 
594	18 
595	11 
596	99 
597	63 
598	31 
599	11 19 38 42 50 79 108 
600	10 19 31 36 64 84 119 
601	95 
602	51 
603	83 
604	10 14 25 39 45 98 106 
605	12 
606	13 
607	110 
608	111 
609	51 
610	23 36 83 94 98 108 109 
611	12 26 67 83 84 108 109 
612	10 22 29 46 50 56 83 
613	11 23 68 69 85 99 110 
614	123 
615	26 
616	13 28 47 53 62 69 76 
617	26 
618	36 
619	76 
620	63 
621	102 
622	106 
623	37 44 61 85 94 95 122 
624	69 
625	68 
626	18 30 95 108 116 119 123 
627	123 
628	7 16 21 50 85 92 96 
629	43 
630	69 
631	13 
632	3 14 27 46 87 103 115 
633	79 
634	115 
635	108 
636	113 
637	1 27 81 91 94 122 123 
638	7 25 31 45 85 115 116 
639	35 50 59 74 104 116 122 
640	102 
641	5 7 21 22 32 56 87 
642	17 25 29 35 38 42 58 
643	22 25 44 45 49 114 118 
644	18 
645	25 28 44 97 111 119 123 
646	43 46 93 94 105 106 122 
647	11 35 63 93 107 114 115 
648	50 
649	79 
650	36 
651	66 
652	14 42 45 83 112 113 122 
653	32 50 61 104 112 114 118 
654	11 
655	7 28 45 66 75 111 121 
656	99 
657	68 
658	51 
659	95 
660	38 
661	6 
662	12 
663	120 
664	7 
665	15 
666	23 
667	122 
668	28 
669	29 
670	14 33 68 76 92 94 113 
671	26 
672	7 33 41 46 87 94 114 
673	43 
674	111 
675	14 22 25 51 69 95 115 
676	67 
677	99 
678	8 22 35 42 61 78 114 
679	36 
680	14 
681	25 
682	47 
683	74 
684	3 
685	78 
686	66 
687	93 
688	106 
689	111 
690	5 18 29 63 86 88 95 
691	12 
692	17 
693	4 22 23 95 98 99 111 
694	24 25 47 54 98 111 114 
695	68 
696	84 
697	45 
698	26 
699	97 
700	1 6 14 69 82 91 100 
701	43 
702	15 
703	97 
704	120 
705	11 56 67 76 99 111 113 
706	16 19 94 100 107 116 119 
707	10 26 28 50 98 111 117 
708	64 
709	18 
710	2 10 17 47 76 115 121 
711	10 25 51 58 89 94 96 
712	33 38 48 79 101 115 120 
713	106 
714	99 
715	81 
716	74 
717	108 
718	121 
719	5 8 9 13 93 94 122 
720	26 
721	50 
722	58 
723	124 
724	14 53 62 83 93 97 115 
725	25 
726	51 
727	40 
728	23 
729	3 7 97 99 106 107 113 
730	16 25 61 74 106 121 122 
731	62 
732	44 
733	14 18 19 44 45 76 122 
734	47 
735	83 
736	1 47 50 69 90 107 115 
737	115 
738	11 
739	18 22 36 56 83 94 98 
740	50 
741	6 
742	3 7 34 86 91 104 109 
743	25 44 61 85 110 111 114 
744	56 
745	36 
746	33 34 38 46 99 106 113 
747	113 
748	101 
749	79 
750	63 
751	84 
752	5 25 28 54 56 63 76 
753	10 
754	24 67 68 83 104 107 115 
755	51 
756	1 3 11 55 59 68 95 
757	12 23 31 51 79 109 115 
758	22 
759	19 
760	17 47 54 78 116 118 122 
761	12 
762	18 38 73 90 96 99 118 
763	24 29 33 45 67 108 120 
764	106 
765	23 
766	25 43 55 73 76 77 115 
767	28 
768	68 
769	76 
770	25 26 61 64 83 94 121 
771	50 
772	36 38 40 51 76 110 119 
773	15 19 57 58 98 101 108 
774	8 
775	118 
776	83 
777	23 47 54 67 83 102 103 
778	22 
779	19 
780	1 3 81 98 99 114 124 
781	23 
782	94 
783	85 
784	107 
785	25 
786	121 
787	12 13 23 63 93 107 112 
788	12 43 45 50 62 93 110 
789	33 
790	43 
791	101 
792	31 36 66 98 104 119 122 
793	44 83 89 100 106 110 119 
794	45 
795	77 
796	14 22 43 45 63 111 115 
797	42 
798	35 36 50 54 62 106 114 
799	104 
800	5 26 28 63 65 69 72 
801	1 4 6 54 68 90 94 
802	78 
803	53 
804	35 
805	47 
806	1 
807	18 
808	95 
809	19 
810	94 
811	19 42 69 105 109 110 111 
812	53 
813	53 54 65 68 93 98 119 
814	19 35 39 46 97 101 111 
815	83 
816	78 
817	7 
818	22 41 63 77 79 98 102 
819	63 
820	51 
821	12 71 84 94 98 99 104 
822	33 
823	11 
824	94 
825	50 
826	28 
827	40 43 76 83 100 115 117 
828	9 35 63 76 101 102 114 
829	10 19 29 68 81 95 110 
830	95 
831	99 
832	26 38 43 45 46 78 90 
833	15 18 41 76 85 97 99 
834	8 23 29 38 46 98 123 
835	17 36 45 58 59 93 98 
836	35 52 55 82 95 99 110 
837	43 
838	8 10 17 22 25 44 47 
839	3 9 38 105 109 122 123 
840	78 
841	22 23 74 78 84 94 110 
842	4 7 17 47 85 107 110 
843	17 25 39 51 66 104 110 
844	45 
845	7 
846	8 11 40 83 95 98 111 
847	5 18 48 100 108 118 123 
848	77 
849	22 26 35 56 68 69 74 
850	38 63 69 77 104 115 121 
851	7 19 34 43 78 115 119 
852	47 
853	43 45 56 78 81 108 118 
854	77 
855	26 
856	26 
857	68 
858	122 
859	26 
860	28 29 35 40 54 87 121 
861	43 
862	63 
863	7 
864	9 28 33 57 77 98 101 
865	33 
866	6 28 52 102 109 118 119 
867	54 
868	47 
869	15 
870	38 
871	2 18 78 83 101 105 111 
872	43 
873	109 
874	51 
875	119 
876	110 
877	111 
878	119 
879	18 
880	26 40 45 77 98 105 119 
881	56 
882	7 13 25 29 63 73 87 
883	1 
884	11 22 28 29 35 59 97 
885	36 
886	115 
887	10 22 50 52 55 78 109 
888	16 26 29 50 76 99 101 
889	7 12 19 83 98 99 110 
890	26 39 50 54 69 82 102 
891	18 
892	37 47 56 81 96 99 122 
893	118 
894	23 
895	98 
896	98 
897	7 
898	11 
899	26 
900	15 34 35 50 70 92 118 
901	10 76 77 97 114 118 124 
902	33 
903	95 
904	76 
905	42 
906	45 
907	18 25 26 55 76 104 118 
908	118 
909	68 
910	12 35 43 91 100 110 124 
911	15 28 29 33 89 118 119 
912	25 26 33 101 109 114 115 
913	7 
914	27 40 68 93 96 113 115 
915	7 
916	26 42 54 88 104 118 121 
917	17 35 42 83 110 111 114 
918	8 51 94 100 102 109 113 
919	26 
920	8 14 23 74 97 115 120 
921	35 
922	47 
923	63 
924	95 
925	3 16 19 53 66 69 111 
926	23 43 68 76 81 83 90 
927	11 19 26 81 95 99 108 
928	56 
929	118 
930	16 22 63 74 80 99 121 
931	109 
932	2 20 25 53 56 93 108 
933	95 
934	15 
935	8 14 28 48 93 108 112 
936	18 28 35 68 72 100 105 
937	7 11 14 42 51 61 95 
938	20 43 58 104 109 110 124 
939	45 
940	28 32 35 43 92 97 107 
941	74 
942	26 
943	77 
944	122 
945	19 30 52 74 75 95 98 
946	1 16 66 85 97 98 108 
947	12 25 35 61 62 108 115 
948	15 26 32 54 80 98 115 
949	17 19 40 45 52 76 111 
950	23 25 53 55 90 92 109 
951	122 
952	33 
953	56 
954	119 
955	1 11 17 83 109 115 121 
956	28 
957	1 7 51 70 98 117 119 
958	19 
959	11 
960	11 
961	1 4 12 19 26 85 124 
962	7 15 50 58 80 110 113 
963	3 6 15 36 66 100 121 
964	18 
965	108 
966	29 46 50 56 62 75 108 
967	118 
968	95 
969	35 
970	7 19 28 46 58 113 124 
971	10 22 77 93 101 109 120 
972	43 
973	63 
974	13 19 32 56 79 94 111 
975	15 20 45 52 91 95 117 
976	122 
977	83 
978	63 
979	27 38 99 104 110 115 119 
980	77 
981	54 
982	51 
983	122 
984	98 
985	17 23 43 63 106 117 119 
986	51 
987	76 
988	68 
989	28 
990	23 
991	11 
992	68 
993	43 
994	12 48 57 60 68 110 115 
995	26 
996	1 
997	27 50 53 78 87 114 124 
998	51 
999	115 
1000	3 10 23 33 85 93 106 
